79011
3218
83758
53680
69056
9281
69631
14810
27151
78731
67894
41130
7849
13014
64439
18867
75682
3286
13685
42782
96947
17409
41918
30771
73546
29723
5416
59814
98059
2146
68631
77071
5364
52389
30751
74421
61671
16734
5583
5174
95465
73477
46304
19666
2844
27095
38534
78526
30381
68571
37660
43680
85980
79578
90804
75878
9301
96220
35692
23713
98366
4323
784
20082
73065
47887
94503
34736
80973
87
39910
76439
89916
2567
96105
92760
29662
50991
87638
76396
35914
25298
20076
38247
4876
10880
14125
30530
23452
49818
54243
38170
70493
71379
58253
43558
19266
52756
94646
239
69195
50909
93030
75464
53476
5488
68224
99490
72831
72215
75886
8746
97513
12315
46993
18742
39547
61118
49272
63000
27288
19867
17522
97782
91246
75775
57692
26864
44884
52339
43455
14079
3248
52838
5895
73076
74678
90472
72566
47509
62687
48453
72607
60200
60768
19600
95294
315
97071
44566
79667
40711
80785
97190
54845
88383
89317
12538
31599
34201
81229
75055
64633
84477
44245
70528
73905
18923
61000
46471
82784
23687
94924
55392
240
72044
74992
95534
88712
88415
56453
68379
45479
53590
81921
324
41974
71239
12862
73573
21792
10443
64980
2777
94920
25577
73306
68825
44500
50658
31649
27285
90698
42925
99029
7290
14970
90373
19176
20034
78789
75629
4765
24268
29220
86687
40944
87546
74278
70159
61119
96070
80602
42452
98848
91875
68029
88506
60700
28882
55516
8701
72519
62566
51627
71548
69856
82949
61921
89033
2983
57062
81014
7748
81330
26586
10787
38627
14132
85065
8786
91604
97488
89388
34056
12688
81263
2085
1194
58316
30967
73062
67017
19838
35629
18644
91386
5485
17945
53308
10870
20928
10370
91885
45029
8053
18471
55816
46680
48956
57234
55466
40560
54722
44854
74616
67410
42470
93053
84956
786
40373
74370
84155
60211
9999
19152
51598
31837
37097
4906
59059
58026
31628
50944
19407
39681
85768
91575
86361
34724
48809
58179
75284
19883
19386
66252
3645
61856
59305
88601
62642
16030
79324
46797
76242
89323
65949
44192
37512
3047
65450
96572
77425
97078
63868
13184
53112
65988
4759
55825
17064
53569
14005
92348
89804
33391
74952
93450
95247
50610
82051
74241
66640
61375
21038
59234
67051
3340
3426
20915
22739
85228
17487
16516
82307
97708
29700
35419
63696
50811
7596
80761
20732
21601
89461
10537
54992
80766
3987
66591
31376
2390
40832
14368
80118
78223
89955
47169
97915
9733
84436
20654
94962
18276
53522
93621
15984
99574
45392
96032
50385
52988
93145
71118
74590
98959
81655
45934
79725
1994
12526
27453
4384
69710
41821
84502
47933
31776
48023
45848
57862
32460
82854
52824
50736
36376
46445
83072
35950
91837
79104
2688
61177
88602
73806
35767
87561
71813
81702
67286
73807
10580
94739
94543
80290
52912
79046
44576
1041
43421
6776
58903
75881
89631
28079
42969
42359
90876
26041
94662
82713
21498
13702
60242
10100
3860
96010
97661
75673
94064
81299
65832
20996
92390
60375
17638
61654
55773
62214
62695
99195
68991
37950
91428
74974
66029
34398
33685
56905
60439
44699
55970
81937
58401
16213
8389
62261
28575
6050
54286
38991
87349
20118
59987
96091
96846
77625
57746
68971
39840
20441
84518
25183
74744
75947
16509
57125
10345
66546
30383
87136
11246
2705
85426
69647
35270
93815
48261
80197
99866
2547
19188
3567
39018
79175
99659
52216
73153
57405
21187
29345
94198
5706
54528
85294
81653
87389
58772
8350
53935
89155
95486
65181
8212
80912
51181
43483
74728
99442
23680
90946
18341
59221
10865
57359
38396
10524
9575
27901
84281
47115
57246
94832
69173
28126
96478
67178
15515
55250
75528
85803
60757
87366
67336
68970
68279
18517
28805
59359
34311
68837
66657
52653
28058
77522
26364
82807
4399
35940
10708
5032
83055
67955
16216
52228
96081
12695
35758
27949
84297
11286
13752
45055
98652
81088
30377
83283
15958
75534
58994
66621
44371
25651
19274
88782
19526
61991
87941
23925
97931
98649
45309
97338
82956
61526
65918
95390
90573
1676
23339
74870
29314
53443
36277
27966
34531
66654
27602
66841
42188
2948
33463
2912
28600
69089
8046
64478
31080
95987
4755
45363
94636
50064
59053
93945
11590
24971
89335
2163
42999
12674
93386
72313
66117
29663
16632
17000
96318
60586
194
54858
63534
33657
74122
8486
19098
82168
72964
66531
78155
77719
11894
89144
44136
70948
83089
72078
12271
88776
90594
55271
17802
83980
43936
271
13643
60568
17271
26313
21154
17465
81172
84689
67474
71646
9527
2925
53815
82492
69456
48322
76563
81350
53818
20699
68650
53259
9130
80922
42035
99724
52545
59837
83704
96481
60108
97347
57050
93732
23661
94556
27549
21185
95597
11376
92831
5125
14301
62998
3969
83757
11321
96884
81459
65139
33936
50110
18399
43066
31032
76786
42790
99929
36624
26494
96410
13084
40193
69812
6816
80206
64369
50718
1391
76318
62094
10575
81443
76395
73573
1764
76504
1246
98649
57963
66386
32585
8073
1137
92003
55457
77923
34793
55386
30899
77639
68149
43984
17832
37961
67152
98039
2330
17870
15782
78649
79964
26357
76444
72711
16283
94561
49215
17529
93210
7179
267
42147
31604
1404
34150
3414
95680
85295
75152
26579
62934
43301
86915
97118
81263
54068
11509
99945
88290
27292
94946
84607
70001
87743
57318
2636
82304
22886
20166
75514
46417
20433
34013
78021
38190
68163
97787
33870
53458
72940
60449
32744
32593
47365
29862
13856
17785
41372
30154
6075
85016
25100
90682
71369
12843
64353
74006
95147
87239
10524
87013
33656
47309
21026
28029
85499
5541
25817
35721
75351
98757
12523
24447
31350
76240
54310
61559
94025
12034
91713
16452
97050
33165
7135
84771
46009
71488
58777
57508
75079
85653
44522
8735
32963
81900
36764
34814
3794
62581
70536
79145
77690
83059
3593
25393
59299
74255
86952
53324
86289
95017
69776
99691
28182
93263
84462
90543
81103
59592
48052
56182
61597
8926
64917
94560
90826
18034
29375
94620
80615
16263
90118
74658
99322
93711
51
58621
84318
3355
28297
70607
14724
14425
86650
42906
24041
87464
49802
5144
63408
97854
77679
25006
6780
58948
19566
97606
76982
65293
8579
57598
97908
98697
48608
97230
8760
48659
72203
93078
52014
16852
80037
83090
47630
66687
25996
71671
54151
75798
93167
17560
90004
87198
58918
96784
46147
94836
10743
23129
60130
35674
97079
58038
34371
45687
71621
59483
94346
43824
52561
62712
77029
48950
45802
24659
31989
88151
12682
86140
80301
5849
20052
70306
93048
78970
83442
55547
73807
10537
78676
50289
62563
75756
24679
13286
37795
12652
72769
32142
72829
41682
11206
49858
90632
73361
90869
22621
77864
3551
25114
58165
25752
61518
44823
35152
56841
44618
90699
47000
71507
69376
13641
34071
61484
38320
47357
99279
50973
36479
47773
40154
78161
75332
90012
85146
48693
80881
24119
26557
784
65585
1074
26536
27104
62250
61689
297
6868
52388
47297
94727
38116
60938
45150
99600
15610
8860
15232
82935
45339
63005
23089
39852
38337
29453
24998
3382
10334
65470
46291
11118
31055
47366
54007
74511
9616
15696
91160
32836
84436
38457
43915
22553
15747
89066
38505
31358
97926
53737
30645
43265
33095
53735
83117
87784
99540
24468
91167
26227
6290
37458
37345
53697
1176
7704
44561
27144
23400
35721
59980
24189
90531
3896
46742
6278
92962
1599
53988
90888
55337
986
50505
88432
54721
49974
76216
70613
90794
83735
96840
97084
21194
50538
50782
38722
58242
95343
65867
97995
47416
25847
22184
37947
46095
68926
44226
55409
70525
14566
62649
42214
15552
13154
46998
86625
63129
39567
57239
70275
23302
54079
67360
60848
4617
34494
99571
62860
29837
65438
77207
93605
7637
99391
31553
53733
68317
75779
9142
55194
6697
88144
13761
22250
1298
60759
25227
80779
326
82466
51055
39981
52898
34767
829
57515
69261
400
36727
15450
82190
13934
9055
89828
29677
40608
59913
97994
32739
85407
69541
39437
73551
83302
78039
74850
44061
3266
71981
60740
2085
39388
721
54983
74155
1550
28850
43416
18303
81930
58866
493
12216
84274
6673
41894
24882
66586
56240
73974
51994
25781
29763
25545
25435
7802
16747
85849
27420
88729
46589
29505
28117
63662
84488
2273
81564
29691
62041
99867
11621
37260
16713
40189
21534
23386
82083
62768
89973
38324
36742
58319
80457
66505
83864
5893
90659
612
8094
18080
5693
71035
47585
33810
34697
48426
52435
16261
94469
14477
32481
6090
68089
49194
46279
89623
72580
44715
52391
78905
99391
5486
37224
79848
71991
37441
2093
62651
54405
10187
97083
60098
81222
44668
10260
32271
9446
62696
48533
3915
93525
81014
26357
61614
46560
88989
67589
35492
50056
36332
30750
49447
58170
84326
29295
30162
21767
47741
9165
76172
74280
6248
52622
55503
67268
62883
4126
93067
25579
69011
13334
35456
66377
56044
13422
12937
45033
81011
48430
95089
33695
79180
44536
91866
63506
90183
38380
1626
37924
47545
94150
12205
70145
46773
84060
53765
9656
4538
46832
35235
73550
60167
87043
39927
16211
465
52865
77596
97828
17647
89037
31523
13179
49925
23389
93037
40108
78121
94663
94385
25666
88814
22942
12163
35587
7002
65929
61595
27892
12761
13182
1442
89280
225
41370
21843
690
10587
99439
98518
44586
88476
46393
74117
54753
69783
67154
94862
64256
78170
5599
89923
83336
28541
18438
35275
51895
84367
96870
79787
13481
10052
97582
19113
10277
55304
40957
27319
82243
56748
25837
26829
61577
72230
17298
16330
58365
84452
27544
38974
62622
33143
28897
45958
78036
63687
81233
29931
64407
94455
26071
77888
4507
23653
97001
31136
95309
54310
58455
77552
11059
644
20733
72636
89227
38031
88966
63944
22483
16511
2918
1458
66006
48167
63768
44043
11855
61354
90326
76262
55809
32749
70502
60317
72754
83855
7805
68063
38166
66261
45615
49225
66905
82700
38213
56132
20731
27179
20077
59567
60042
22995
61025
26049
71163
41145
86444
99370
2499
76770
75632
58309
25872
46134
34978
98626
29989
42783
83042
84507
25396
28657
33732
92302
11358
71945
64786
48441
15477
1215
8008
75519
24211
69033
17920
11726
10179
20716
11096
29030
13839
3080
3691
39711
65566
55021
38337
11907
97805
21379
96415
39553
66389
46499
31855
94099
34797
12994
58892
66626
14209
66901
58497
54772
52286
76418
66498
78817
97134
93946
7848
10973
13378
11539
67036
95296
66561
21726
7204
80718
59457
19971
20271
25846
82822
68479
36297
17619
97825
95190
84245
12034
78443
59095
66807
30729
35513
49657
9547
48999
43604
33747
76325
73334
45286
43361
68631
28199
65087
75835
25269
40897
12158
61893
83095
94980
46724
19393
28952
44549
30935
29549
56583
9378
88644
23390
40107
40509
73048
66006
89509
33004
99753
82186
6338
61392
41899
91321
89591
23339
67156
31213
64236
95666
93106
47331
90647
39830
66724
35951
731
14011
65500
57314
23389
70497
97057
79849
11006
86457
45855
16867
35813
61961
99053
58503
23353
40953
49825
12944
64292
33333
60509
44880
29000
53615
92211
35999
9797
75288
71950
10528
89299
53802
84195
29041
24299
81252
25242
51658
84061
87449
68525
19874
49410
83931
78377
72763
24884
28202
2060
5528
77888
62569
50408
6888
32537
58971
59239
42334
34259
47541
52863
39911
17695
53410
85304
58347
51014
10546
10005
35075
97995
94882
71301
63758
78813
49678
36521
20049
94233
54933
25577
88473
17503
92337
95361
50040
51309
70952
8726
1920
18493
77941
41831
36188
31351
43487
94535
82365
54033
20892
17440
68381
15775
5093
48491
94588
54772
1364
14638
65357
56298
56567
53830
90153
48905
65543
56545
16566
36495
65271
34838
71340
43213
93022
23880
90916
36509
18416
73282
6895
39308
7074
75276
71435
12168
23767
66024
83292
25131
80662
65001
97781
53581
35183
87934
18838
17078
44479
35404
69925
26103
86595
41265
69316
79617
65145
60232
32478
99913
49866
39373
55574
73293
31001
27009
1813
71120
9385
85105
12604
6399
66458
10385
59981
17993
98320
78819
35071
59151
30576
4996
85254
17171
62613
70922
13140
27758
47507
45618
44024
13725
84992
99598
87018
15993
42959
88831
87114
52345
90288
99718
58744
73098
26455
18725
91091
41127
13897
26162
279
44473
47510
1885
77996
10123
89160
91136
54234
36667
36754
98258
50392
38098
14208
53763
54092
57167
58946
57558
25864
65587
57276
84609
38685
83731
19686
29777
41211
33583
72291
41490
78056
19802
59727
56052
29925
48887
63540
84159
1906
295
98769
68651
54745
12977
22414
8837
86497
97712
66395
12361
63299
40023
96970
1985
40107
16657
48114
81318
66592
20405
39160
44649
56559
98887
17053
86485
64127
96946
86996
66033
13593
2118
34684
68338
15095
73450
77176
1592
71163
59923
30306
34462
16299
27276
52799
72758
60285
913
70428
26878
37671
9588
87879
94230
24827
21284
97067
88954
18230
416
71340
48175
2534
6024
16514
17629
95827
10042
35574
66990
69965
65880
1452
2616
9508
54252
75374
86146
71517
62154
13024
9188
88094
17255
19771
12922
54891
33190
18228
89474
33606
5920
37649
36140
28297
54163
70122
24124
64205
22048
91114
50523
4280
8918
53139
13788
79522
44866
99934
51040
7020
29310
76580
95115
62917
96351
24389
17809
29542
58969
7283
79500
64890
44932
15641
93187
99096
2115
17311
79653
40515
24777
30176
44795
33695
99668
74935
13218
44534
91222
64258
67906
20532
57190
79373
99802
69894
3762
17611
15788
79084
41246
95288
43974
2530
27281
53513
17978
29396
87176
97632
69911
11953
27808
31058
45648
27476
5994
58866
88362
97216
39476
72621
34100
96667
51994
33902
66561
72109
67865
82349
51193
25463
93989
11519
27994
21271
65032
45972
67019
68560
59956
53283
80513
4117
84341
26161
47945
6687
1380
36308
3903
40856
8929
54356
53875
77275
4610
36788
49384
72476
35489
577
14291
29479
28448
42285
67102
9832
4610
34121
78392
64566
87404
58905
85035
88098
85067
32981
94785
2799
85641
15041
43655
94570
69397
97531
88197
74007
34319
37582
62835
69809
54511
77127
15640
82960
35764
82742
92792
56726
16863
71185
37645
20620
30090
22680
25070
31509
55661
36207
34308
57654
51248
94316
68576
20645
8199
56774
11005
58870
94356
73840
45031
48867
67319
60671
31827
19436
59765
40972
76162
92981
12157
30159
29953
58599
52840
55023
6461
24853
91230
57121
98860
58831
67789
67436
79476
75988
24210
90481
51211
18566
80674
96242
83786
64345
73266
31965
83781
49383
72937
76296
42364
1446
6455
88669
60046
75647
43692
82859
16853
51275
39980
15713
10106
7770
83149
5934
110
7360
12768
51321
42278
9794
63916
42416
74139
53534
74382
57921
19269
47319
50569
61634
65118
57024
66655
41516
49024
10348
24375
82229
77975
80707
97942
4433
88477
97443
10367
4940
21155
39487
56261
63434
49281
36529
5850
23421
6415
96584
97694
25685
60256
48263
3671
25374
21639
70326
66890
87015
97026
7617
69244
75001
88324
67186
95786
93154
64630
22506
98094
85785
61993
70707
65571
11275
23589
87774
51048
30004
84358
48742
55689
44614
97005
75712
69988
34996
46039
53230
22012
59417
60847
91256
50771
65524
74795
46557
58678
39425
69063
56772
41562
47409
27479
7134
58684
67420
94908
9732
97425
95618
74826
69466
40233
88183
45179
26573
23179
7570
96156
61543
83339
57003
52800
34110
22527
27595
80668
97557
83372
66083
54329
41286
13492
98161
48420
88528
65581
59680
14612
79358
71651
89438
48825
11884
77621
10356
54809
17153
34278
50965
78696
17617
7969
47848
51728
46848
91795
48748
60758
91519
31183
31439
32806
61028
29600
97578
49556
11534
73611
80521
7244
45262
69959
56069
73498
63933
82777
28307
97438
33407
79273
92486
51025
3594
56687
19105
66794
48482
84205
27552
56354
15388
58992
89160
76416
4944
3090
42325
16478
76701
22846
23723
21963
9157
96144
95461
89442
95274
40121
86880
28681
19394
95719
96058
22988
52406
15163
89782
17240
99368
17335
73594
31109
76327
79106
7525
81271
82197
66202
14102
75250
89048
54177
13566
14558
66673
25379
4000
78299
65500
7233
6981
84894
2952
3039
24234
55358
34555
14017
88950
50275
47704
78897
81384
40383
58003
88910
21654
56552
55112
52108
31803
60513
22637
45369
75071
89311
87100
79071
83962
52601
2656
90943
37495
5608
10335
78082
77318
61242
92099
82621
11517
39803
61518
92902
80186
19521
98164
18192
92426
69628
86653
24229
30141
9290
85950
21564
14953
73050
16988
98916
25651
19644
6211
79499
25253
32898
57581
18923
94140
66032
1544
22010
22187
63062
14912
18725
98936
29428
36917
91362
99056
39922
31943
45550
65565
17893
67114
96870
7295
84102
12138
49299
3747
18350
28798
45352
67600
2731
80627
78093
68763
98524
103
90950
61586
31367
9675
76874
60795
62944
84588
76203
19219
16531
21753
84784
50776
5220
81654
58072
89322
10145
7371
9421
44847
52521
71125
12447
55252
51753
90540
40367
66629
6995
47669
44567
38362
73696
21442
15509
52992
6030
8065
72211
38914
29818
73347
89690
35038
71354
47762
40713
81499
71485
50134
26346
24006
37612
55145
95610
5717
62038
35977
72346
69033
99998
16913
23748
73694
54707
55609
26687
77090
63674
15250
16004
9845
88598
5694
61235
76304
69809
1948
57803
57646
68435
501
81653
6047
55646
93615
11764
17684
45945
462
3070
45943
17375
43170
19638
72083
98779
62677
65525
62454
94279
81529
88651
99229
3575
49886
75533
73384
51835
49688
31031
36622
50189
29036
42669
22188
22651
70785
56224
68596
71247
59294
30892
4974
2464
66882
93409
17596
29559
58934
96402
40190
40463
85053
39420
44039
34939
14953
33775
3126
64642
81158
39748
31183
26546
98769
53371
49198
69554
9596
34146
57153
85242
65038
78480
4059
31920
88241
21655
77831
47176
18057
18022
3991
3110
73794
64382
54401
88747
14510
57528
69741
95668
13628
17277
22215
12398
70648
87765
98304
96596
38263
71810
98191
19654
50290
2250
67926
38531
23905
45758
2059
58314
80132
22403
61424
53926
86785
15825
59025
17647
89705
28767
13316
3334
62396
51883
32084
49396
56000
30388
45993
10615
2198
60536
30269
68840
79138
98196
23724
19395
60306
42135
77709
56790
64538
39133
10716
67676
71310
86093
85323
77368
31212
14991
80702
93608
83226
29138
43005
39226
59526
5350
49842
78077
65886
96463
63269
45024
94659
86993
64419
71317
29129
42128
28107
10019
97613
55175
77695
85275
41269
63019
78995
72481
94362
76049
66090
77589
5187
25447
16815
64714
30797
83009
59143
13035
79473
22412
58059
90484
25758
38830
61802
71239
97310
89909
81258
11275
61437
75306
12902
2706
54677
91898
91539
49039
67947
73981
26628
73135
99428
59796
37849
30225
59157
13344
43260
38630
35756
17671
29115
77866
56501
7269
49105
70163
13530
46716
81438
74967
22022
94341
77673
76699
2591
69213
42090
70538
43194
68719
43673
58975
44867
97874
89200
4024
11218
48813
42655
63327
82836
88122
41193
55690
95391
6651
25853
8921
53367
23644
241
91741
34337
77914
84792
36928
63479
26882
7466
23026
11953
67492
82001
56820
65366
87553
60845
92937
36366
19852
72616
35555
7974
13809
91245
19717
36812
17098
44990
6531
57094
45231
98272
91431
39498
83064
28359
2977
26299
52178
26003
38252
19670
24356
95073
1388
11910
55918
94325
64628
92122
66941
183
16448
97103
91428
36165
50267
24879
97507
56799
81973
59091
55071
89757
98589
54488
34468
17918
80787
86646
60274
35391
22668
84630
30464
24057
96540
2734
18382
77521
94856
1676
77704
11304
15131
85485
63821
65398
10364
77681
22197
8689
36772
93621
14798
51713
64461
49267
69631
61600
52265
46257
96991
74934
30888
27456
98991
43780
46542
33725
21301
41399
51753
15358
69055
66884
843
32877
32283
27559
10558
70832
52600
63682
64453
67399
15395
45266
33018
1378
6866
85283
47636
3858
60217
94876
47666
75560
55008
94208
9286
92662
35607
61039
8020
4663
44276
25215
53892
92911
52774
64450
63743
21726
44484
44549
89125
59879
89815
38495
77609
96682
23779
41597
540
83996
52825
48206
59557
7834
58766
85195
496
94374
62586
8516
15389
23214
33731
69281
16125
2857
50083
79869
24583
94567
24418
30061
70798
14233
68556
48407
10915
92335
6357
27807
92684
59182
92365
68593
67016
51132
70140
83864
61858
49078
8732
93599
72293
42463
62880
88418
61672
29315
68287
2608
40234
9057
32669
11032
23291
17577
75791
50558
26265
82148
94718
35301
41331
3435
20246
24699
70919
90386
8564
32777
39464
17296
42728
11757
76112
21960
16528
54136
51275
1167
56744
91509
10225
5765
18893
49868
39695
94685
16778
65960
93185
27848
17613
34516
31284
37859
75568
2203
28245
84132
51333
84061
17780
10413
12171
10244
32374
28699
64381
83649
29866
37477
91511
56443
43243
10404
6311
82938
21441
39442
65250
14627
67290
82863
65495
98574
20722
41063
17130
65319
41547
84815
49380
59328
95228
61551
85924
43954
90250
50305
27604
36469
87783
35467
92912
47378
62223
99224
30316
17
55018
11918
14644
22308
94781
96491
37235
31855
37555
70717
97174
95454
71884
46554
71134
67112
24458
57059
27419
14708
7364
55023
67529
11499
6842
60442
58877
69065
76018
5545
69082
31036
17463
78
53344
28596
96570
90579
60451
50477
77648
73977
62283
49532
36884
33418
32997
61342
90477
60416
92402
14193
15439
59932
25693
38633
20374
922
24050
12744
6468
9485
43780
40283
9563
13476
68880
22485
20408
45683
89314
98056
19661
51598
47589
56545
1368
80586
17887
91845
41002
26641
22390
72793
86573
64435
11426
23299
65358
35476
36043
88178
44961
96175
28461
70877
9652
97341
9714
30060
43025
99029
44468
79038
66979
92057
35583
68347
72643
69822
76544
29997
96463
98934
2790
99389
79722
30568
22688
45080
66045
75084
49610
27358
71259
78071
14587
97263
91765
24302
27323
51142
39683
71792
30180
23014
80201
82115
7713
52845
51937
84257
99194
64752
99543
1985
64141
79265
32553
3182
40697
14950
78266
90307
58661
65877
84731
73248
63141
76496
13902
90464
43990
69937
78608
74170
9303
58810
56285
17016
28007
24574
1273
27201
89326
17169
45538
69820
12786
78092
73002
53484
9394
67620
60143
68055
33497
61226
57656
96638
54074
87910
3455
98064
57848
98415
72234
83503
57225
28519
520
1584
69445
18145
45138
58772
35314
90676
28592
64453
68768
17946
17937
94515
85566
94432
62570
35415
55659
20226
48406
26085
24489
51861
24150
98689
50276
96384
82192
23854
41256
82712
25438
10701
17210
86928
85825
68876
77605
30769
33329
62725
65067
67618
57240
66985
62051
19811
2401
34062
56389
50807
60147
80878
19020
649
79567
69296
13386
78112
9502
70994
60824
51293
98047
94386
38221
83873
63263
15826
30994
96592
78552
96062
64211
35792
63047
42614
71955
81800
93028
28345
48959
53175
25575
67979
70177
21495
53628
83563
99607
63130
54557
76783
30775
52604
71170
68997
52829
34433
1175
83824
31025
79727
96238
11588
31872
59285
54202
3827
57438
47230
48524
6397
16758
90452
90729
86935
11947
44357
86850
11554
23839
41407
88337
54615
10363
59507
39964
63193
10292
41139
47017
57670
37219
43255
69258
85443
18892
39813
89270
76330
3395
54147
99080
20153
44599
89809
23440
56546
34166
26642
84452
74357
68049
89141
28972
78413
48649
85288
41606
75293
26428
4975
32963
79999
64582
18574
65442
83474
58387
71064
76157
78134
25211
75237
14640
86162
65046
54432
42708
15564
81075
27160
89921
49124
16302
35246
43889
81303
20534
1847
72948
63314
6822
22264
59665
87756
40838
25107
71231
15577
96172
47388
93711
37735
38977
24703
23898
20375
79136
82958
52291
60211
26471
42212
25687
59125
93810
69577
56780
30697
87776
29728
10363
10951
51992
70029
98707
9182
95136
69938
24759
7660
33678
34823
45396
72655
59526
85646
9382
38662
68604
61673
98873
95075
20238
24561
54200
14048
10490
10980
61097
98266
57061
71461
9217
9053
41490
7925
18236
52978
94215
59347
60639
27894
94170
22387
16901
70049
24385
26284
8711
92989
4309
23937
4417
24547
64850
58617
38596
91692
85950
16045
89958
43011
87506
15528
52064
45348
39805
86652
98327
34020
46000
75318
78266
56522
14057
95168
26571
38442
37804
51635
47783
42113
91924
52200
66661
56774
10818
21609
48466
13120
37654
54776
56131
41513
70304
24547
86861
10109
11200
1540
44130
73552
76858
38748
46426
90915
50268
72998
45709
88072
40985
93493
46538
32909
45693
29551
89683
72863
67512
54501
85983
21518
9277
58466
63031
95934
83014
66245
6043
10566
67785
66525
470
44644
5274
46896
51911
55542
19894
13973
59967
60879
7466
22857
10140
53159
52408
99823
42375
36272
70676
44710
57790
79954
3177
37174
75888
86191
3419
98283
13109
87556
81161
13579
48552
86435
60475
16816
58329
96722
30789
34648
73953
38255
57505
84094
7766
26265
269
50141
62537
70946
94852
20328
50900
14381
73854
43140
16924
93625
57775
30033
81181
38936
59964
46086
25371
20439
62902
53
33513
93691
34701
7467
48298
8559
7913
56064
34824
8182
22558
97362
95480
33762
34042
62732
48143
7896
22224
81419
17873
80000
11452
15406
18936
71416
61492
60660
8207
40746
60713
41721
34437
11766
65540
99087
20325
89805
55152
55150
14339
94062
68864
9820
44176
2906
88904
92319
27154
11129
90090
45027
91129
1542
76785
10065
89310
38278
70725
97517
95376
47790
55590
29814
59557
37482
28901
79882
27287
405
51384
57979
10819
20248
84151
54995
23154
73055
63666
66660
84184
53756
11687
75313
55298
4825
1731
60960
43103
88808
74830
38479
36599
30420
84645
96156
84255
29899
92390
27894
46656
43775
85873
57476
64023
70024
12471
3530
43080
92490
70190
43616
46246
98230
35282
17897
3055
37013
78857
46158
42173
53687
989
78772
460
1987
91280
84715
48238
83671
12609
94894
27446
14835
68722
7821
84859
97546
11351
44291
90036
97894
87908
36282
96124
39542
54179
99179
92907
49389
61689
35080
3076
79030
13853
3536
81017
5133
4603
45607
5156
17213
40502
32602
48400
25576
56776
33259
39474
84479
93903
29510
82373
98163
82145
78497
37705
52676
77676
30612
2065
55717
65692
21494
34748
95897
41382
32117
17383
45986
77725
22539
79551
34579
71494
27951
76507
28270
77562
15982
12749
71465
61844
11475
85980
43989
89972
23685
13018
84001
70649
31435
56070
52694
69281
90818
64943
10664
39288
82326
56650
17013
4866
36201
67944
76360
80504
44451
20982
58066
60433
33731
45884
22278
61558
31864
82619
51531
71902
95637
51884
42551
43425
7954
11597
12706
15125
76541
23370
54413
58867
80020
71426
80085
32573
39370
56445
13077
173
77427
71144
60607
27511
17028
82885
89069
65244
81856
56952
37146
77494
8836
96050
37271
33143
7647
49977
48268
540
73348
2681
75760
69720
90459
55845
18646
46181
28643
31723
46354
22422
19219
23313
49933
52599
6198
55355
34196
88055
12307
71342
81901
37496
67392
19172
86991
91392
85501
35259
8284
75201
54292
84044
44922
44751
56242
79920
7284
84885
27995
69990
7307
63567
93304
57241
16166
99502
28948
66714
3909
57607
38057
2162
95103
21801
37686
98446
29545
23188
33705
37830
98389
4349
38226
59663
65452
94468
39583
72736
79353
67579
42727
86661
31146
36031
60254
63664
51885
5554
30379
72147
63161
84788
74309
74617
22941
28348
73063
52487
67888
23121
6669
66277
27470
44895
42293
92923
39364
98228
65659
35069
82159
24738
38082
29657
60769
98336
9674
29007
20242
40053
1154
83404
41193
91815
58021
64134
20163
47436
32973
88051
70557
39642
70681
98028
84538
12974
90951
40254
27554
72962
75323
9714
97701
13406
39371
74822
28094
49045
3829
48337
5450
21335
48093
46643
13151
22466
27130
33314
69902
60103
37718
56812
99746
8399
54840
636
37725
62143
40890
65279
51457
32565
74993
65510
62323
30717
56685
90418
79762
76866
55107
1565
98202
3200
64560
11353
25666
91690
61019
11920
68146
98737
68732
84244
23488
39924
84880
61213
18419
42122
42845
86229
91039
17838
51739
53363
48555
24776
60133
44670
1643
15240
46235
99845
34792
10795
11198
76810
18838
88569
88730
86984
87307
73815
87580
10795
30091
88812
88361
64863
30934
31206
51092
38325
65396
19183
91688
30304
60312
51821
74974
61955
83413
37561
61800
18205
64708
89350
95015
99898
94271
98
3234
81578
90265
90814
8726
20356
79626
13439
1571
26912
44645
69015
65238
10041
4551
73278
56697
64863
25100
31671
26818
8513
85584
4970
43071
66645
10672
38086
66543
4943
54536
86130
2874
44801
76944
11600
65158
72923
25039
83081
99835
86036
52097
65073
12429
56648
38352
69127
21511
79804
17150
64681
4669
19087
86003
47740
85732
96675
2179
68627
1618
56715
54757
4492
17869
48054
32444
99379
20977
73835
82460
20812
76223
34557
2238
88653
7557
56942
74132
45420
53098
91282
10101
74119
10369
96104
21860
12453
9131
40391
81081
10750
13458
52190
31594
31327
244
80391
30706
21221
54226
29519
58386
30450
80428
60624
35455
87986
33918
9587
33406
87016
17221
59860
61135
43943
55964
99347
56396
81448
56090
53829
92198
69549
6020
40144
17228
6264
20535
64287
43838
91114
93806
2224
37916
74234
79200
73371
78572
13118
99310
11979
16486
16531
71839
77621
60474
44155
93321
33223
25603
49411
87052
34153
35312
9424
90650
68893
32041
11185
33180
75879
18651
43338
78103
56567
33924
57303
29938
12497
86773
45600
24476
3259
62132
12667
80880
38958
73174
74201
72181
15130
39965
75586
65635
91629
85010
56285
60522
17051
83823
10054
92930
2474
53392
87385
59042
87317
44688
5332
16166
31461
50933
56994
34720
29417
69661
31953
68375
59187
22506
40557
74317
78823
32495
39953
70453
17505
96238
30975
34557
80061
41030
43839
98888
10774
31225
57930
14443
92265
79614
30609
23727
46899
87603
74799
76316
73616
23104
44692
32804
45611
1601
23473
40786
34096
79778
11239
67953
76017
42215
2510
72430
99597
46350
87670
26723
93927
61952
41167
86192
41567
71776
9919
88466
59380
1071
64783
49348
40527
25827
82152
86138
43780
21978
26925
94228
1756
54516
62181
94125
13083
81044
82908
12680
43746
70578
55756
37673
32531
96923
23865
74098
68699
50137
78916
44431
67560
60051
10132
8087
2230
92284
10578
46010
30614
53855
56590
32371
8371
35124
26496
21455
32520
9404
50487
76266
79983
6243
30291
28866
19518
70508
19316
88218
36997
98232
49001
4557
58284
59133
28997
60514
67770
39575
22877
98384
9782
95819
47107
18153
30943
73604
55960
63463
99360
22800
56081
95695
45395
2724
24561
64914
73233
43877
69484
26582
58462
34837
31140
16746
10323
76489
93612
78093
16064
32841
92829
25846
28661
56289
60351
75956
46245
32664
39420
45605
55464
11853
57653
17211
30930
98566
98477
20515
42444
67961
47097
906
19151
94589
34004
29474
71078
43968
23919
3494
76810
33100
29340
5471
89389
6044
81427
35634
38708
37199
97592
10524
65405
55245
44087
96335
53811
42565
16850
12607
26878
63947
29865
46029
74889
63869
91855
45967
24190
15774
49462
1000
48875
95154
22823
38264
17550
20602
90251
56258
57802
87843
83134
39559
43088
27222
35894
96899
86139
69096
9507
13017
49395
39372
75399
24284
19594
67254
86604
43784
99381
36066
61136
48256
47572
83959
2872
65123
4561
9475
37733
78715
97318
37220
34626
40406
80794
86872
53658
66933
55968
79517
96302
21716
35241
71701
62352
54835
55308
48956
14971
54689
85022
76107
19297
48947
76418
38521
14070
97332
47997
68155
92399
45315
5375
27026
2074
86169
13898
72084
69454
86219
51601
65757
7935
86842
53810
70287
58030
9118
19244
89353
80159
20618
81813
15808
69565
58231
54330
99987
71915
18679
68143
64315
80346
89870
91341
82420
76040
5239
70856
45494
91458
22457
11251
15745
25652
65062
86033
34
90532
21629
5739
70692
42247
87552
86500
28165
62136
57182
28152
34051
75861
12647
98366
56208
2518
6059
54980
94910
11299
25837
40404
19109
64646
68008
34855
6650
49422
37240
23036
56306
58869
28776
26998
17468
32680
29851
45633
94816
3385
90138
45220
79247
19137
59938
51807
21655
65998
6787
16565
93649
48976
73322
29110
13623
57682
63965
36625
7104
17557
59662
63410
76426
4790
6761
93895
37470
52964
55880
48639
56349
62370
10211
51948
81508
70149
3755
3163
52499
26895
36081
46148
75871
9403
75259
5846
67085
55576
58824
90541
73134
34838
70303
65912
39628
77064
76159
93450
30028
48392
42089
2730
10762
52300
54678
92270
38802
58434
11786
91301
1681
47867
37450
77552
73622
29061
99751
57059
84637
58575
47600
74123
93413
17903
40036
49393
11320
32547
42843
57700
80939
1285
60430
91702
53585
31461
83972
8739
6247
95758
41
7928
59977
53843
1832
33599
82904
1583
7010
83893
76510
54610
58017
86275
88866
14405
35668
16538
63304
78512
74238
44244
79797
51021
52298
49734
82482
52622
74826
88729
64733
74867
13009
24710
28710
14841
74662
27966
32777
81672
11859
9287
52635
86228
95563
57853
16985
47583
74391
80290
42447
64981
24534
38596
16002
93184
88331
14836
45806
63157
3565
10539
54376
16574
35250
99438
47768
26264
27404
80545
7936
39263
6184
76923
41844
18099
34776
58829
65683
9167
39119
8130
90501
80005
46727
6503
73189
51410
21340
35348
30919
41257
45887
1647
74184
97489
1085
21952
23753
28489
18849
48042
84104
25033
24965
25948
43133
59742
84778
8816
85261
40249
33298
75762
20255
96377
98618
9796
47787
36310
45144
95058
93919
7384
96705
84455
4873
97790
22759
44979
42631
41608
93021
26736
66642
34338
52684
26127
94080
53814
51295
95694
94064
945
87808
30671
97323
2778
56819
61462
39088
18316
56521
49360
25700
69578
33815
46925
83721
56575
8256
26352
98183
17629
53088
81177
51968
22125
23656
62400
75939
74951
74446
70003
75897
62255
17026
89572
65033
73846
51034
20474
92162
23907
69834
34214
93486
20001
81139
93559
76576
5748
19911
91112
23377
89352
88641
75345
11477
12298
54098
3768
3601
28544
90124
95850
7151
7150
85422
72185
97348
52809
9011
89510
93068
95197
23724
2906
15198
21216
96465
91775
26964
16377
99239
50341
22081
87880
42039
49910
16530
12489
53678
36484
41033
60154
32334
48185
67305
34109
36722
64653
3270
62085
70516
96338
57282
10592
99245
72480
48160
95710
80607
75124
28439
96198
41818
50520
431
209
16782
16961
12698
86813
53445
70083
46967
2132
34620
30624
52593
71342
95278
55863
49779
82146
68553
7061
9090
67798
95894
57251
79861
76501
32375
8300
89052
90545
75173
89483
7106
91955
6444
19804
78768
76242
6240
42088
94726
40860
72712
47319
28555
84342
19534
78334
66488
88087
85396
75579
55886
81290
32830
35747
74143
81557
60399
63195
88455
51924
69030
95561
60232
75475
15366
55352
68069
37958
97440
62795
78818
70153
26466
7373
54495
46000
85708
20984
50439
87456
12915
6325
85098
62097
58424
75593
43654
35176
55141
48461
87100
24171
44023
47332
15998
75741
2685
84067
13699
125
63214
92517
70278
89680
16243
41126
52032
18303
78462
2472
5759
91377
25149
7209
69826
99926
82802
29832
51454
37943
78294
38554
62115
22317
2239
78113
98058
21276
78533
11757
37753
58099
20626
8032
47780
53221
65510
16164
71524
43972
34988
93635
51701
76490
844
21527
92768
99999
51359
44222
54294
29653
82776
16409
68322
1367
10875
66380
22643
5760
94489
60397
63859
31468
84781
27991
84689
50291
60508
72566
10615
95496
66201
62316
88338
83398
83843
81106
83397
51554
25328
54043
81208
24457
70453
65882
25824
97680
48615
64820
3440
43104
25217
83651
90924
26350
11643
91966
92993
72151
64532
3608
83999
47085
65924
72338
30483
66119
53444
30232
17673
78773
84276
15233
3230
71081
81116
45406
85113
29731
10226
4905
89187
51795
88556
96464
78145
16551
88430
71138
88702
69314
91098
72702
16399
73374
61392
63235
39493
14836
9819
73519
93609
94095
88752
13191
81528
86220
74950
82993
32303
85176
87898
37843
53324
92807
34307
31469
9358
39089
18960
14413
8403
26410
3467
24802
99785
64859
4389
39278
79695
14209
12797
89657
24656
17902
19200
6185
20474
94150
89178
52778
95679
93429
90621
49003
86236
41280
96824
95594
80369
32136
26359
88772
58547
29826
29926
58332
94685
34316
13962
90733
64877
43112
96742
89533
77366
32294
95718
97840
26445
1249
50618
38476
11030
57591
87479
97266
98871
655
9212
95592
32792
35572
716
7691
65398
30643
82375
76436
81311
96337
83521
46188
55801
80263
35721
33167
12557
47792
31008
55354
65393
97978
93830
76423
71922
97661
73689
87145
98317
99253
82738
47461
34825
83454
55152
16576
30449
37527
9364
11760
50216
92885
74300
6018
73148
26374
55537
2057
74166
2897
57412
55911
876
67594
32334
89150
65256
22375
76295
79925
21628
59033
43738
72806
42488
98890
5734
89289
52769
15098
1050
19337
7983
91702
25355
97483
18076
97245
99540
8594
142
73304
64505
1018
40899
13191
6520
22507
35566
82816
2432
73547
41849
46170
62705
689
61412
68439
89979
30533
99889
7381
49870
7872
99083
91578
5355
33512
88823
21247
42106
88965
94552
6612
6336
51803
36155
12856
74310
88074
95672
93094
77973
53874
39264
40678
70915
17028
25469
77246
47561
25358
979
97431
49582
16415
89009
71289
49927
77832
92536
92033
66798
3440
14997
89486
55243
51153
2342
45905
55579
14367
38999
33552
84593
78263
74230
71860
95291
16051
49107
42852
41409
66438
56636
90991
82853
45645
62280
49132
39830
71168
57518
6628
74609
72515
12466
46204
40020
14808
92110
11951
45527
47461
45503
30120
25725
36085
1981
37368
52136
67440
96573
93545
50230
69561
888
33084
15206
79520
98568
55036
50689
56086
78016
41650
44954
90482
87854
1326
21643
96316
13278
67170
43778
58781
97291
85855
94867
15624
39575
47003
99416
52500
56901
49646
22061
57789
99082
53620
37310
97651
8656
4351
53737
3025
46001
98691
9859
50207
18
31502
62876
13296
98673
6654
88429
12316
8861
83296
44292
64788
30300
43708
17289
3553
93354
55702
61342
8789
9322
15004
6440
34331
19355
76529
37356
65356
91573
63567
15564
7943
95070
78440
37591
10095
1446
26020
38763
26659
25669
83055
91447
72321
43115
25088
75874
52821
80791
37216
61610
6465
68573
84402
40796
87928
77284
94504
53285
68857
58072
85201
93152
69494
79993
30743
95941
97791
73115
34704
40802
98784
34111
32249
87457
93578
73690
63331
46399
70833
16900
24362
77298
85473
25116
18095
73401
2400
28951
43038
87609
87023
28239
80761
72869
24584
27856
68810
38727
17324
3514
79529
32460
53977
11779
19918
47555
1821
83249
10307
72654
149
34669
49952
85622
59785
84399
75376
78538
13351
18414
66147
16726
63006
46909
89596
87590
91117
58406
26318
8441
78273
5847
40902
32250
33978
77172
96158
52151
60421
6465
24805
76923
57486
91110
62545
17271
75509
54273
95809
5212
72688
78309
21939
35694
41570
11535
39636
32687
86293
82306
57481
64566
4506
14735
13169
54836
91907
9327
6988
68680
32144
31793
45603
89630
22903
24501
23253
14765
78774
35415
19977
51462
13724
41916
3508
55294
53451
59497
4333
56097
41803
61814
20663
46309
76549
33832
1146
84808
59511
8134
53489
91655
56279
99092
97637
79183
23593
20891
93948
2368
72658
13925
70182
86382
72194
90043
58028
41997
49540
62361
98094
91343
40528
18758
54005
17077
68942
71503
1886
44806
79637
71727
52813
52268
70819
50451
31451
10765
87694
41751
13133
60352
72029
99667
63086
60575
89710
37466
2572
39250
99827
667
46946
40355
35777
17303
73785
21071
88806
92023
65877
84795
63750
18691
37063
34569
85494
68515
45334
73188
26618
74819
49892
14999
90839
29330
75574
96901
66796
78147
52504
82975
95166
99450
23331
30943
16753
13468
68366
21911
5491
34244
6706
69241
69287
43769
20162
54781
28636
81849
44321
55255
73020
10565
70254
63859
56247
45829
77113
23043
40328
29617
6018
35494
45419
45701
82789
78524
59169
51155
435
81012
1751
7141
50253
87390
50910
86768
42171
79547
84969
2844
51154
57989
29761
21408
38201
86008
83589
15314
25403
40269
44931
31422
75763
90350
93475
74904
85226
52645
42412
85661
33657
44163
92802
263
31554
60064
3383
90077
39611
88352
9274
7117
46341
39035
44878
894
41396
28467
16208
66799
85089
77491
98221
60852
84193
8049
52109
69419
60694
94521
55080
10703
55036
64234
27318
86590
24299
30701
93020
80262
35405
2294
87380
98099
57681
32258
98993
99077
77077
15202
65877
62166
9045
80450
39371
93239
88499
91480
62658
65545
2353
34091
92601
57389
98325
19919
43980
22624
66973
53352
2887
2378
71998
6619
16829
29679
38877
15823
45109
15954
47377
27338
94473
56422
7788
33844
49661
12640
41676
28672
78185
44029
62763
87138
1418
77440
23410
61750
65
6735
15102
19304
25465
3452
25923
42295
33132
81152
58118
94593
97106
5495
21931
91579
61917
46071
41775
27931
58711
83451
72955
53249
27480
52070
40387
28899
29510
80149
90649
45927
86884
22104
81583
12350
25556
7506
54645
75040
88658
12763
69633
2117
34610
7916
10048
12879
53988
51824
40810
29051
35275
30117
82300
62756
82187
39040
8007
11698
19189
98656
73977
6074
20760
55561
34776
46317
79419
89421
37709
68078
18536
7343
86547
53146
31611
96595
66025
85599
48419
6836
31003
47
53305
29655
62803
35493
85047
87162
63543
4237
85818
37520
26663
22931
93081
77791
85600
88853
67212
23309
73283
85748
47004
59830
38894
78616
56425
4919
80567
21197
28107
11570
37596
97765
41226
16751
33258
26273
3913
96801
46862
89731
50673
89877
29014
60107
67668
30966
48960
34880
54276
22243
36980
1280
98425
75874
96248
71202
97146
76816
92399
41605
88386
46347
39370
45964
63098
88980
88590
67011
85781
35452
73095
52807
25330
2109
12914
9350
33076
78226
44231
3704
16821
97563
21336
15246
89790
17585
86448
86936
10753
95200
44893
15491
41547
616
61456
4646
89596
50046
71657
91730
1850
44752
44537
43532
63214
73803
52883
12642
68381
13466
16346
85202
11029
54034
448
819
71619
86896
4107
98724
98448
49001
14216
39996
49617
75672
44642
55565
42070
32651
47295
43920
93756
8184
87453
56970
81987
56688
85964
50368
70154
18662
51922
81183
72696
52370
82003
44316
55619
2462
43040
54067
51463
73608
10415
17432
49280
71409
72998
7702
4061
20293
67975
14169
28478
71780
87491
26817
28468
73455
93538
98622
92117
45460
96157
64813
14183
78160
25481
86154
80623
84874
56573
48438
58482
66989
82223
24115
54750
55221
48169
58811
91866
16144
89332
36696
87924
76823
79866
16392
50278
73404
31366
58747
35216
27524
23561
65751
22036
65394
68257
19011
50268
24831
67450
25103
8172
49673
65570
79274
21246
13739
54438
29464
29884
43770
66161
34160
20594
46027
66905
70872
35783
98271
29620
87351
25795
69533
69455
64184
34927
37712
83195
1548
78895
66997
43003
3419
33022
8573
82694
54268
22312
37132
83733
68548
80902
66246
2709
1496
12273
69614
88721
64408
67885
34693
68111
10033
20578
37566
74217
71857
91631
73764
89757
70526
40762
32760
90298
73784
41333
89344
44405
79998
26476
28138
48546
23730
10736
51255
41579
39361
20869
46652
3769
5107
81345
88232
31492
18275
25799
22061
90132
33782
95825
79890
20660
36587
29002
10958
26724
86688
302
71129
66686
43130
15619
15232
66861
26355
66488
8440
65716
3709
55092
85837
25168
52789
74069
73012
71064
16220
95073
77548
50002
7251
73790
70663
60190
2793
97973
86914
89481
14628
74395
72519
57758
90014
87751
40971
32721
70591
49411
14789
90653
20855
626
32173
89996
91048
5186
77412
7268
259
54961
73623
23862
45103
60638
84053
64248
58611
70967
70081
89591
45363
42600
47350
51729
30352
88321
803
17295
54085
15592
7948
91292
16219
40122
97641
23619
45308
75053
47239
61919
46366
20862
85782
91470
81500
69835
72070
56464
57154
42152
62407
18869
84752
9757
86951
31456
14431
87754
48752
84868
3346
56700
76160
35917
96822
90153
59536
58482
65207
6776
36754
27925
27638
38888
35747
25491
8723
7818
98307
82229
49970
60714
17451
51074
86824
4402
82531
17607
92156
31283
2475
95502
87983
94987
47772
1158
85141
7308
75992
50348
14084
12746
94625
58075
51634
30373
99918
76709
38191
14577
75291
4513
91643
92742
55587
94819
97144
38118
12426
5652
69401
14901
1154
57385
9889
48926
74895
11382
72587
50887
78082
3023
79986
72707
77450
47972
3080
77368
24682
41271
8297
16325
62136
99941
9067
17724
94760
22563
55842
7187
28215
25244
38440
45721
98981
64681
11000
90228
76063
83587
57467
70497
86610
37453
43205
64061
85426
46285
57781
26460
3909
66079
42785
66045
82372
68204
121
93484
90767
55964
17023
18982
97560
71816
81055
12893
36497
92055
19473
28913
75642
76940
99410
78605
14394
58967
59018
16172
5253
33151
58984
25514
15582
18121
7911
97954
86325
24385
7791
93444
80349
41166
28778
94261
12982
9833
23506
49480
1889
42979
94745
93883
19919
10507
88840
50665
69475
47858
83189
74728
97362
42173
16594
12944
60294
40857
27251
62971
65242
35042
56415
61943
76208
85193
56204
5543
95027
96062
71375
13268
39041
66120
7151
58961
76627
95992
9626
46102
60202
9168
37182
57564
51341
70128
70509
27988
10986
14112
7311
92580
49154
80079
54524
41714
65272
27080
47257
76651
23143
18632
6271
62184
1104
13423
37497
94084
25767
63476
40186
85969
72644
93721
59886
40337
63849
46747
68325
91187
60859
91989
83768
26365
72068
54644
68079
53692
98076
31689
30344
21219
66673
36615
99756
84130
66390
53605
78214
8509
17081
18400
10831
89725
28473
70717
30063
92323
17464
14740
99862
78323
6729
99982
21040
95149
54626
89119
48842
69055
37160
95538
6626
20186
48505
6382
4316
14896
59988
82530
23405
93421
17282
50588
83147
45756
21305
29562
54431
55121
60654
54293
49796
83736
54276
70836
78885
25254
76308
27727
10661
13468
23265
17288
33654
71771
40022
37970
3019
10
36852
42776
93432
54135
93365
92931
99891
31022
38845
54322
86144
15851
24967
35940
99587
95595
23129
78473
37202
99437
22552
47863
29257
62170
65151
62912
33941
5174
17234
53312
21536
70439
96088
31320
24574
5805
40603
24465
36828
95800
95139
39324
11652
36458
91616
11239
32054
14745
6064
69256
14182
28617
33471
43440
7139
14975
22704
57432
36501
56290
10744
74389
26729
23184
5710
67655
28990
62665
92120
82170
58466
3611
21494
70118
40070
13110
97709
88476
27856
3774
74084
58390
48743
7555
18182
72234
22530
57238
29666
59031
13529
40410
33421
56610
79946
55483
24266
8936
34500
32738
7458
92966
52702
28952
79436
92772
58415
93498
97600
86271
13624
71684
61013
78719
79239
79196
50953
18122
52786
80619
93505
66315
37381
43278
39278
17327
15113
63544
42616
49614
96282
50074
58932
48984
95379
54721
58108
53794
48219
55708
56417
61843
43744
17430
56914
22984
12978
7867
57458
65765
88486
50963
48432
25867
94242
87710
59546
25707
67606
2162
75321
80241
52237
50606
29225
47616
5327
3686
17762
53546
75746
74179
31741
19491
7961
88655
58827
20940
12874
16285
3057
1360
83600
67841
43579
94194
55552
3125
19902
39510
21640
11575
19751
73877
62181
48977
37845
67508
69015
55607
37406
61113
29786
85499
80604
54099
90506
55783
75039
3380
88420
94448
21092
72021
62290
81023
82567
34194
84149
2469
73704
22141
14045
93456
12370
76226
58785
50215
43735
27800
22174
97493
5265
68312
82993
85870
22411
73499
58005
97451
76880
46426
8251
14324
34799
70541
95348
17366
21087
95849
36188
94792
17990
50233
88248
30360
42811
63385
80575
2898
7537
19101
392
12802
87413
99737
15024
9824
73236
73030
23627
66468
35808
31879
80793
70607
18772
76141
4325
39860
71990
40513
51004
89980
7098
39252
20340
49910
2637
17267
69160
26526
36368
69552
39328
23781
69289
54353
49957
58878
43735
73585
25346
79543
21816
22491
66502
56940
98632
70827
96800
86974
11341
47804
76954
34791
3408
13646
84701
22397
47265
53862
48923
99985
39766
88252
40118
25408
58957
90076
638
2692
80013
42336
82235
1829
64828
48737
58769
79812
19564
71922
66787
47257
36078
60093
82049
39487
90092
83102
61884
37357
53316
27160
37343
9435
15412
77461
34843
74369
83889
51833
77061
63902
94169
75648
82083
75349
24385
40853
55162
60301
29127
21949
7559
65205
98394
89608
21044
88486
89062
82929
25844
42379
26441
79539
51814
58205
73352
3009
32574
57242
54842
25987
21144
65363
1635
3228
40713
42372
60433
95875
2673
5912
34176
26584
71117
32570
32544
92162
37409
21607
91443
79605
63986
17884
59144
32152
76089
32496
35161
25015
6090
6355
67354
27235
71718
85341
46815
28783
27713
23600
24658
46738
29512
75186
73323
16981
24109
5867
9143
61518
43826
16938
41123
7812
51174
16619
56316
43615
49115
7829
68630
55206
14184
52336
98793
2255
37677
61960
31038
81742
85560
72049
28481
31424
47235
18156
48405
87696
40375
73901
49214
84202
90839
6689
8366
58366
23308
64683
1981
88776
72512
86964
60334
3049
39300
59127
21656
93330
37439
52694
75072
22999
41095
19905
54423
4683
54413
19180
92379
94789
93081
41594
95343
273
64635
3709
58639
87944
84744
60620
76720
73609
63936
53406
93010
3237
28885
14666
12919
66324
83712
4343
5675
24808
40601
60098
29491
95014
79278
21870
6155
88712
79816
17850
88985
44452
21560
47624
48748
22656
24596
25468
12617
88533
78874
5627
8122
24111
36645
21041
90435
20358
25384
96110
45166
82337
72560
91009
93704
68190
29231
99859
56902
9048
34062
45887
69852
55622
93511
18600
94630
18108
60420
7248
22993
55646
29227
31115
79757
65873
68508
70192
2583
10244
66302
47749
92582
55214
55110
86286
23404
84341
2497
80307
93389
36559
26194
79593
8533
36058
98193
3164
70518
58613
26764
93511
14259
72343
40978
10368
54568
9486
80560
57151
19730
63214
4900
12312
18428
76362
14950
41833
60704
17448
38492
70445
70359
64686
50039
78893
744
64584
98409
87614
39550
41525
81125
70161
13868
22103
80530
68437
47941
77442
25588
67672
40657
46841
96336
75437
23203
11287
33622
259
28735
72114
70705
99094
53153
37096
94339
70249
1680
92748
57864
41230
34273
55341
11392
64494
93797
8274
32931
41738
85716
74871
25762
42725
38064
22099
18163
61268
33386
68137
77879
78473
56604
64936
93919
26109
2032
88259
96358
20065
97359
70574
77647
47985
42268
89039
12479
36065
97313
61762
94155
99382
36633
19918
42107
91050
58369
76622
68670
91755
44760
46549
86580
17716
11486
80499
43825
29870
85110
56535
49935
82470
27110
27583
46807
69378
32974
59286
21795
46640
21048
32302
46022
74033
68572
88129
81435
26941
64752
50105
35048
25864
96655
21628
59932
24493
18480
3757
54363
19942
76644
4299
18764
3754
31882
65571
89484
81208
24857
27631
27848
62257
59934
73870
52643
28506
78352
34078
55448
59456
536
6848
1672
97191
44829
61604
21684
63309
81713
76047
99603
58357
96698
18368
78464
44932
83939
84300
26141
25149
11932
70341
3758
88218
60564
72753
16724
38916
6832
88524
98372
23720
11725
16396
20911
56554
78000
58947
19863
59713
51346
35818
34422
48045
54186
29238
92977
54478
13539
35470
79627
41823
5812
83385
30041
66376
56139
63117
21644
79323
51642
36368
3043
79719
52764
40306
36273
47116
99253
72488
23181
66951
8306
57603
14996
62493
86842
24326
16971
16733
76148
12950
58556
81960
96335
88597
64688
68826
51714
2684
64501
19708
55404
83896
99427
8168
24202
35700
55284
39807
8188
94817
6759
16495
52421
38107
95340
55615
78785
12311
72348
54934
41613
30904
53246
37948
35853
34287
23127
87567
36971
3980
23628
92376
87877
23055
16896
28431
75108
88533
84591
99648
83350
7702
32495
52123
62161
27835
7738
40947
56498
96438
95881
98111
43694
65479
52412
79547
99766
91891
83467
53090
95871
7095
45466
100
30150
78714
28532
21610
67247
29475
21259
66950
37177
53754
19073
15690
97942
43164
56637
70792
39602
68870
68904
99649
34350
37668
79196
34116
29559
62663
87206
41782
69758
49024
41883
16261
44091
86767
54223
11338
16242
75482
78288
69771
45589
13714
85461
59883
56878
58451
30675
12832
27321
99579
12481
61671
53599
91678
12140
83158
70693
15698
24941
56804
81075
83176
89417
25166
69943
43640
36504
2537
35475
31145
72308
81064
44859
74121
57299
18089
32572
87974
30921
59894
3906
43403
37917
57505
51433
50057
40664
22126
82108
81957
95282
63183
65133
84699
88349
35076
28340
41205
37613
80167
88702
26273
77583
33561
394
34882
68002
49319
22856
98924
9213
26762
58679
63482
84268
10112
13540
41284
48590
95648
23241
43873
75183
4726
44924
63532
39802
89616
21089
93767
69783
9792
36392
47366
59705
36786
82248
27708
86105
5105
26632
11670
48219
85311
75153
32487
11775
5045
73771
60365
17045
13364
20590
92228
18090
81867
72112
74244
71483
93201
84363
41267
2993
20755
4985
62699
73894
3586
6759
76351
8691
33391
88022
73262
35054
79527
5750
46829
924
95873
23546
34321
25590
60489
26549
60032
42356
15013
34277
30191
8214
18640
71458
27560
39396
92796
6611
29642
96382
13370
5993
21425
63113
10367
94687
98167
89894
16789
61348
7170
29015
1246
41491
54605
61735
84392
14637
20443
99405
65266
50635
23972
83907
38445
51532
39655
31241
74495
69297
43975
87865
91642
65400
67330
2010
76440
65497
91904
93229
43197
15427
22244
44443
56918
93201
22531
41311
7839
42974
40716
73105
9961
81040
73364
48407
32572
29371
96000
23419
15020
56328
27636
6663
21728
94966
8673
98168
76815
16929
7750
20012
32356
29994
64456
89275
23196
86987
46938
47387
46313
4006
20492
56275
85047
10209
21034
33971
39580
33386
57391
54601
89714
85027
61264
11443
79994
69937
25963
56809
86866
33713
93174
35575
80060
57630
41202
3256
60969
88140
50643
7282
8498
87487
63557
93545
97696
943
43869
53629
34330
1260
8230
24044
2639
69494
51839
98985
55783
77803
72147
59001
27868
65321
10928
7928
22951
52130
11184
272
56622
78179
7554
65121
82019
87464
75018
79715
88407
18887
49696
22737
36499
57926
63134
39139
43772
14973
38124
15907
9128
10271
74909
36997
91944
2189
44925
31247
54320
56110
31519
27294
50641
39074
8767
32660
42890
83786
28728
31297
19025
78424
70387
55525
52703
49873
11016
12827
64846
65492
28735
73975
92116
19996
10972
84060
22185
72249
15308
76505
44711
46827
20152
95353
2253
28919
44365
45143
12705
89445
92793
48083
67870
79532
19960
36925
29405
30976
49752
10603
12820
78487
84578
4936
14835
11902
88997
37021
84152
20657
29878
28863
83836
50030
40568
86090
78950
84934
47585
8007
74379
40378
72442
58601
19910
92402
11878
65667
39730
61631
76271
52551
56470
77201
57487
71306
5456
62836
24679
89608
83493
54557
34823
67330
20940
91744
69772
99890
76678
17357
24249
67409
74088
96692
42363
93998
89094
70593
76018
45177
32224
52289
97728
5047
29490
55215
92705
34946
34404
17384
40906
17897
71941
92082
1579
92881
83826
71351
9123
76856
88709
33373
60617
79149
46417
2980
73147
35511
73574
65517
80688
22150
17806
94768
43549
63649
66336
36254
14947
740
53638
72206
34989
41932
64288
36569
51165
64466
24272
60289
41322
29333
10014
18291
8482
56431
37624
97982
8294
11198
63499
5335
49700
97658
103
9602
77659
82791
45856
92606
83531
99495
81164
34873
57779
45452
87794
8944
26270
12066
85585
83944
57752
95599
2236
66234
68382
39860
80568
93029
67410
44068
98364
17110
58078
14819
26712
35737
97611
88921
28343
97494
4768
25860
32367
62547
71312
20161
87843
13935
48580
73429
97879
6332
85380
115
88918
53763
39975
69487
46792
7385
29907
61508
40848
87985
76327
83912
23722
90290
72833
68417
4137
77601
94277
52856
56500
81942
89370
44344
95877
54302
34125
93756
60634
19505
93872
65904
73268
50199
35391
36412
57585
65298
97920
14785
53283
90600
98697
93357
97242
87883
61775
1379
81836
56052
70588
38337
54346
59958
99033
50223
14260
33158
60332
91246
69015
54204
57150
42284
20755
8894
95048
78340
74192
92969
9477
43828
99921
8175
37185
97163
96058
98960
14895
77894
71365
85483
32583
42063
61793
47968
92287
92405
81126
52619
3
50142
23175
57153
8778
43930
66047
3826
38623
56592
13147
48100
420
29420
72627
37605
26584
68685
52918
57831
62932
40635
59666
11867
82698
21459
59836
91337
30216
57314
60308
30219
23808
83483
3724
32586
43766
69772
52765
82389
42716
82264
46841
43136
11685
19469
97093
54621
4506
66363
12452
83790
6998
72118
95658
6049
9929
71846
13738
40145
29160
74047
86716
52969
73882
90440
1907
17648
76564
71024
16389
19280
53289
63231
62416
64974
99052
75862
35947
19910
42225
48399
3701
65576
20517
15711
87977
46798
87557
1715
86943
16717
75762
73659
86038
65997
64099
87946
83645
40664
75322
35
76296
28611
79618
55065
9937
95022
30927
45884
14932
89504
10635
18633
55080
31152
34344
59409
94302
21901
77477
81245
54971
69591
71256
57361
35588
51708
61659
19234
8724
36982
35621
85020
81945
15239
40085
91883
10261
71012
54119
41545
60517
64755
60179
31949
12259
10875
7711
6562
49129
85188
4159
20452
54779
75416
77813
90368
27124
39473
9602
35848
92807
61575
37220
74752
93166
77306
82987
3427
64670
37107
61324
41539
18214
21503
73489
46825
32379
97552
53387
81508
82740
73899
1960
37519
65667
96125
44239
92791
51950
53841
44991
44757
31768
82211
19510
24934
75869
18849
44713
40540
72308
6038
82079
90522
27541
71920
37348
76272
69472
7087
74132
52212
97338
92444
6084
63005
88570
50323
72148
40520
20517
17139
1630
52285
15703
37492
77220
91572
56341
21933
48464
28650
27971
30544
35524
71865
2464
89224
48137
88289
12664
22270
40501
10002
31066
46585
73008
19636
13261
45156
76509
33778
78648
94491
86063
10703
31983
79635
18627
4676
1569
67092
33326
45892
13988
85203
17757
32804
74427
65895
21093
87091
4517
61595
13446
35583
24532
86454
71572
54145
47962
64433
87923
26610
58924
90339
37313
7259
69974
72293
11935
87895
39385
61614
33788
53373
63169
51545
2529
37596
33792
23623
41040
38309
1570
54486
90245
26102
40940
78169
96600
5254
42602
84523
31865
17878
91214
85530
41489
77541
57823
53424
65436
13560
31390
99224
83285
94559
67122
85815
48508
914
9438
89548
55576
27360
60386
45821
69814
17678
23990
66414
22932
82944
50938
54797
822
58504
56680
58663
36045
30855
12087
1482
44416
59830
17058
44053
54389
84180
29868
19249
1447
55658
25149
57023
83018
85535
19196
52833
3213
43186
19247
26146
42482
86537
97295
59656
45042
53975
18319
81087
1183
46758
98921
45599
6588
15980
89652
77330
16512
35873
96579
17959
7883
21729
74982
90902
7264
94178
60087
26830
53716
95686
52976
96198
82224
66623
72206
43618
36951
90525
41057
38134
37284
39979
85
60224
72311
6089
37554
88823
41962
50486
23135
66198
72215
98117
57100
95831
8648
33539
22661
78716
29225
91989
91267
11449
58613
63473
71419
95564
70351
12477
50050
7635
52456
50135
67859
41119
56224
21766
29942
14539
72252
53077
80737
60819
67547
54189
56650
92547
87728
95664
87615
16953
4005
78882
44755
78970
58708
16174
90886
45411
45003
40936
69398
13811
91071
37257
54930
63648
75375
1225
94539
47627
70654
75276
8446
38201
45817
81449
47100
33545
77113
34716
66850
97470
29950
11605
76441
5010
44132
67327
50421
89135
8264
19819
2947
15687
73429
74229
95687
48804
75454
90226
12784
46109
65502
37582
662
11319
19031
47763
61216
12496
98831
28067
9967
45133
56024
2760
66496
16508
70087
33269
5644
78351
53089
24943
10391
42870
99172
6078
8026
74627
96305
20810
37088
78159
74745
37750
5831
93776
1865
67047
22625
17048
11466
48944
62182
67491
51704
45030
351
21791
78299
5995
16495
47740
47290
26886
90610
62815
49316
14989
53794
45621
52151
90882
23781
26896
28632
45964
20673
46850
13011
59650
63898
40830
8594
42432
24673
60298
87462
25024
98441
82114
47372
14936
29854
94662
58174
36817
57477
7491
51806
11271
69464
3957
2153
9597
30854
47138
55561
67879
93988
84925
43881
57886
25755
52475
16671
50428
29125
4133
75452
27566
86247
22824
42503
32454
33839
17029
69271
91316
24520
21077
18940
93985
41386
37445
3582
88592
84583
75496
72823
94923
60421
16704
69162
86176
69179
85833
52956
98304
6318
28408
42223
8918
67585
1078
41372
17776
18107
26995
9092
42628
48072
44384
52965
5810
81830
72899
94403
82765
48395
67226
77689
25168
283
63203
11344
69462
49036
80652
84119
71706
9061
42694
80624
92998
43772
38348
10774
61879
65343
36218
20859
29767
96955
73824
35578
78785
63076
46333
77902
27823
29911
71943
52992
30194
35146
80688
99657
534
61341
128
72241
86754
42822
69217
96104
86594
7566
6878
64825
72909
59448
85685
19029
56403
75861
54607
51540
38937
940
29443
66761
30851
1386
36105
61046
52885
16793
77055
53419
78134
93535
42012
81240
36357
27582
77344
39303
35148
84222
4128
24409
60023
6165
43438
32778
82027
14397
84319
37316
15337
30114
20429
62541
47852
56534
39939
17089
73328
33346
70509
67814
26881
28873
49055
79590
56455
26399
18893
7955
26974
39373
48717
3349
61891
8507
36127
43918
22905
36798
81234
54594
83264
1664
33487
47469
74550
73426
64558
64230
6772
51419
32045
50005
80293
97452
29595
53100
40203
64840
77408
83529
20566
42477
86878
82457
50984
39358
26375
73889
92508
23961
44836
75773
41977
78323
39594
16528
68102
4152
80758
91226
55572
29155
41232
52217
42959
70827
21669
99515
35668
15429
83044
72586
57906
86275
55043
8891
25633
97770
99132
34493
38083
43968
26618
80061
38644
66212
12941
6746
70365
10051
97972
42289
39207
39204
94506
98518
26384
32527
98033
78404
47957
81078
50990
5863
67353
6033
31106
9338
20155
30239
60183
58238
90559
86802
38299
45555
53014
67592
52301
23379
77644
66626
82020
33203
22182
92878
31721
48566
25406
29755
26970
89715
27185
94312
11930
10890
16697
43037
20228
36852
89628
80411
11443
96539
67213
66094
42095
36580
33687
94396
76311
11331
77374
58332
44534
99557
51210
92607
48123
92968
22362
91446
82683
49547
2110
94614
60437
18808
54003
97017
72012
43631
93781
83455
40170
77346
65902
98617
13926
99589
93014
90238
27272
86740
64922
88158
86297
32484
80765
50773
25453
3128
58571
24488
69027
60681
35454
29465
95841
89457
42834
84206
49440
36615
84013
5963
13962
49915
4580
44240
65856
13946
50830
93128
687
15752
97638
86984
48237
78404
54109
90042
97884
12680
14530
66911
89714
49985
12728
1907
39442
71915
86113
88883
8530
70127
11198
38844
36394
15778
83085
2251
29725
50267
11731
46764
66020
25722
50100
30609
4126
4210
20651
18362
33242
35181
85273
39308
85166
14354
41216
40961
86269
27329
46196
11151
13808
57394
49996
66555
73172
49433
85158
19249
16052
96889
82365
82072
38963
32466
12681
43089
53028
33332
61451
86270
84866
63077
25579
86384
93783
83147
27345
80052
26828
73541
7555
40637
47287
73903
23544
20460
39688
8702
56061
55741
21943
38427
37813
60907
87245
66847
20348
40273
16531
98152
26543
1397
61229
68474
87782
55012
51621
31479
51416
94802
5021
58971
35439
52308
49227
75335
89120
88915
84037
61534
44656
22332
16313
98822
83239
3558
65669
3588
43831
98552
18092
86726
16302
79321
71553
20436
50685
39526
51915
18453
34328
73288
93776
86119
41949
43003
61454
47421
31919
61843
25307
76575
84176
41620
91749
