21816
98315
91842
73556
66500
56891
59780
91997
58026
65011
30230
13671
78955
15473
80446
98455
87679
92007
38646
25504
39681
86308
6506
63943
99613
57137
34118
75726
83560
23592
14548
21728
21907
22742
95284
4760
79634
71416
96757
54012
36427
43339
67683
31734
75165
48129
30189
62844
40136
85188
4701
96169
87848
11207
60113
87461
84696
94231
63188
84609
17824
94088
6337
56083
16831
1622
60843
12817
89390
73952
66829
42170
17292
50865
73904
92457
98994
20446
71653
55483
5634
92706
51652
9834
3913
28117
13647
4962
22349
93187
89571
56525
87276
95908
28960
20459
13882
6156
49628
3273
