35625
98570
87916
35105
48766
41282
33263
69303
9408
96917
8166
93302
87695
66148
4351
61110
673
76337
23092
96818
63171
86998
98756
56380
20762
64140
48511
24514
52989
34917
66414
88614
33488
70682
23720
98606
11964
56983
67909
21373
70253
92427
31027
74300
58576
35378
35410
59249
28067
74854
72419
91239
78204
87528
47619
98966
51668
12482
23480
21009
47399
6246
9624
97239
76928
49696
12197
5245
23031
96458
26618
93284
88886
73997
67584
47462
25727
19346
23063
53795
94200
95482
45034
72404
83010
9005
71370
51030
37839
11203
72040
85238
17449
98016
98830
94378
47712
27379
99623
70743
23838
42593
64028
29076
32942
47964
76538
58669
67311
99601
12464
77863
11435
73850
50268
94446
82855
37990
61828
20694
65545
50220
22285
82995
48236
37467
93725
95948
64846
9700
83044
5036
68645
47072
34112
1587
11388
10650
60256
78699
26603
89073
56563
38039
62923
23183
48837
62131
77525
27017
82825
43071
77238
21462
26066
41826
75281
36143
37775
40128
45843
20819
45164
30840
84243
79277
32427
11983
6279
9035
7035
49235
98108
63598
3626
77384
3133
68815
39515
80658
95832
38692
40081
89422
76507
82499
31249
51788
18642
85376
91916
80837
22547
53433
11677
23142
49062
60456
35125
71693
69492
42160
20928
83952
22110
24554
77688
25243
93369
33555
22254
5554
72248
62335
94976
65107
44835
26225
16895
79829
11601
25164
77019
34148
78597
88696
57290
44011
65505
92416
15704
51349
50928
52985
51653
73039
77539
29342
14634
87261
62897
36888
92815
51497
15576
87791
16604
76763
14017
33500
72944
41970
58664
49963
76119
53613
55012
49761
13976
20517
58529
29680
71866
9458
99017
23519
82497
76557
52861
13483
80170
32111
66724
72985
83608
82300
60776
16565
75415
91145
50065
48359
49468
25081
14675
25587
95046
69687
91700
9022
90204
50230
55054
62070
59688
54072
1941
58537
46981
71155
72020
27151
3266
55096
16488
3226
37396
93616
19791
29163
1114
86208
93875
50582
27641
8550
92521
22687
78237
84221
48061
68441
34451
19468
46863
10491
89892
48804
85380
53225
36311
73753
80376
39577
28849
13216
59156
82598
6832
95299
28113
7946
81508
21988
74880
25501
30538
67401
64541
25127
51623
12602
93568
2426
48422
56783
29270
38314
21940
14650
91539
58251
4755
88267
14181
33605
1483
73337
32555
24668
68636
60668
48966
66496
99009
23847
8350
29547
91248
72891
54675
59223
85493
64595
61650
33916
37731
90920
88582
59671
21922
80122
17922
26678
84741
32103
76635
86225
21792
9190
27245
6781
86210
76211
89629
85219
16410
97979
31119
24011
70870
2146
83234
72716
66741
44884
6632
4472
52156
95214
80495
74079
91688
98418
757
76430
46873
93744
79007
68666
19286
6252
75447
5496
98815
65076
7068
31578
63056
54539
55589
33926
56685
55175
6642
39778
16412
29626
60603
68568
41193
41098
58999
49233
39516
76108
25663
86390
69852
21022
71408
89138
43626
46855
10987
42442
11931
34407
90372
91339
88946
45961
41618
45631
17488
64612
1761
33900
94239
62364
2469
51784
3463
61468
1017
59331
37577
43033
62073
7429
80407
33481
12920
24034
96688
40259
82828
24972
74666
73200
16311
63612
35513
74281
25595
53001
38894
27356
86902
49485
89721
5723
1269
9536
67191
18638
85219
21120
78023
47293
44902
58431
97126
74174
98817
93815
14433
81645
35139
89099
71197
51450
69063
23062
25732
11010
76063
80978
38366
79317
30463
44439
85040
48084
70327
68584
83074
55547
6056
77450
19192
50958
52233
32670
25132
51050
42837
55917
49047
77976
45016
20244
29427
30431
43306
71511
41441
35721
68841
96160
31391
99304
56951
16431
63740
27279
1367
46814
99178
7424
40616
18370
74734
92849
67392
16219
43899
10230
72136
9298
88206
33505
45894
33985
80288
89200
5496
38082
41274
74337
34242
72665
89993
7545
5448
53733
51176
23168
16900
50354
30592
57516
85076
21678
66718
52469
37897
10617
79051
26386
36268
67257
59891
82162
1243
40179
87715
23091
78261
28989
97429
28855
18006
3774
52753
23454
73860
3929
46622
90760
70636
93566
64628
55712
31597
31346
24533
85846
58316
3584
12232
10936
87194
72123
93098
88437
28655
80813
11528
6916
26154
25309
52124
44160
45436
4877
83967
19296
8806
46941
26408
79442
56860
7388
51507
88457
38735
92392
74303
13403
12329
86536
24339
99523
75011
33789
4312
3666
14603
15840
26935
40757
57502
79059
1270
2938
83936
1589
38586
9094
48530
64994
4889
5390
72382
56396
10199
27469
65140
855
57224
77469
3743
97915
93344
78754
31705
97656
98773
46308
29849
25708
3417
3703
4767
21039
6641
5055
22628
45227
14149
71159
26573
19038
92901
98955
91786
19453
42777
56927
20308
1
50748
40403
97917
60445
19157
45974
58101
17930
92282
4302
59990
12051
8005
64757
33091
30998
69812
72071
92577
83962
43230
19150
19352
52484
34458
11139
88289
77235
84418
24949
93588
35166
65352
7857
11963
861
53831
70065
35144
46113
90719
95134
74517
15077
59892
23960
46075
46056
96031
38653
46370
55614
57803
65723
8098
92261
93214
12739
85848
77632
37688
79437
29150
3040
87294
41114
20253
57478
27531
55397
3591
34602
50532
94460
49679
26776
18420
95755
89184
14452
50760
35555
86418
24915
17630
94516
33529
10844
23607
19377
4828
61295
15166
50330
80687
18813
7796
940
76291
35327
56338
96234
86282
23222
90695
35961
66350
25467
48068
55534
56271
98828
7441
42689
40096
25071
53557
73625
52267
77164
93002
73447
38459
24521
23778
19146
43334
31574
20087
19625
83254
92777
32211
69536
15999
22906
21849
98701
64726
86270
54235
20997
1450
61677
63687
41546
3100
17244
15171
55368
94409
24526
28815
49220
49047
68945
68367
8733
16872
4806
44710
16478
13935
76921
86014
29934
16180
24215
44987
80906
10485
99222
1903
11936
77251
65590
69834
80352
99187
85006
52072
9948
25884
97239
59168
91283
82537
43887
16
99409
65045
44726
15887
78980
21647
18253
25266
54179
42468
70253
35085
69306
85828
36989
97594
63079
18931
67428
59783
18118
68786
11855
44418
94670
25447
19939
85953
7984
80178
2321
7393
45224
47047
39632
40556
85047
57885
65823
39226
16705
52428
90664
2363
38256
27653
16309
1336
46584
83738
77471
81055
68876
5679
25473
63547
31126
45412
65852
55462
25591
68174
79207
87167
31573
18839
27723
32972
93076
