593
214
688
676
645
294
320
621
815
442
266
271
924
183
204
601
244
896
487
440
888
463
317
928
729
805
550
181
843
407
193
396
992
989
103
730
494
567
398
599
762
360
842
138
816
433
964
331
531
338
867
765
655
257
108
755
871
726
960
547
330
274
652
448
723
450
324
333
406
280
332
341
397
301
379
366
229
242
464
392
421
658
998
710
347
466
911
178
616
369
827
978
551
400
687
856
246
100
427
485
561
413
237
844
239
213
322
891
106
859
971
799
258
632
308
461
798
180
868
468
818
521
854
642
472
113
826
105
840
665
497
139
174
288
292
817
477
588
511
904
685
439
744
675
873
175
825
260
370
535
128
467
900
248
764
951
634
483
363
199
129
157
731
545
279
651
540
498
579
311
638
863
605
441
591
622
761
809
528
418
190
134
348
201
437
782
425
283
500
151
142
