883
641
403
296
325
998
874
220
990
397
900
398
531
905
635
443
439
187
358
136
487
126
509
681
353
802
927
977
152
892
255
389
952
956
648
910
102
219
183
602
986
709
792
672
563
106
344
938
731
304
235
978
224
542
216
236
256
856
328
404
943
907
549
677
847
528
139
725
706
165
240
815
995
318
966
975
833
717
873
177
735
166
348
828
633
595
777
559
813
825
237
484
866
823
914
119
402
196
816
882
715
687
406
284
860
511
849
191
812
592
974
352
324
621
804
705
276
909
840
922
341
666
829
939
916
655
752
413
175
893
692
750
642
356
277
796
838
408
517
332
454
779
551
178
746
845
946
954
327
372
562
131
323
163
607
661
373
460
363
597
839
593
628
342
121
809
774
797
577
737
765
399
981
736
409
392
937
473
744
669
773
846
129
868
867
225
805
415
875
844
911
932
870
741
382
968
238
852
979
584
673
335
214
468
291
143
387
685
553
678
252
545
659
881
361
683
313
963
118
855
302
471
821
278
973
359
970
181
827
308
465
803
217
895
573
299
133
676
664
430
190
173
760
405
616
434
888
913
535
516
337
315
732
571
623
499
492
274
658
686
637
491
384
107
925
699
142
410
836
740
307
164
787
926
718
689
271
962
959
418
567
130
722
988
745
294
340
424
209
379
317
814
395
955
445
161
266
483
420
446
953
188
233
695
871
755
297
920
288
936
967
557
293
417
472
310
951
482
189
262
477
763
696
213
201
960
985
140
231
345
306
807
901
411
614
128
260
501
902
784
440
245
594
993
961
982
444
228
918
114
331
842
385
375
890
769
185
670
244
733
374
775
371
426
575
781
428
283
791
564
205
275
150
227
820
272
662
582
742
383
656
488
364
716
149
629
747
712
611
644
674
197
919
958
287
442
355
654
514
469
343
625
831
527
530
529
588
158
369
793
615
264
218
281
400
504
381
513
438
753
194
789
697
155
598
232
180
599
568
162
167
286
316
713
533
435
441
309
154
646
505
653
605
613
832
321
108
199
606
853
808
156
147
419
151
466
896
455
758
581
992
431
467
643
229
889
555
795
462
688
810
479
248
212
693
123
380
261
451
453
394
489
109
474
512
944
983
917
886
949
222
273
550
876
246
525
422
206
754
518
116
704
101
537
566
877
159
586
448
771
703
536
924
794
279
585
837
707
863
766
817
994
608
601
526
801
115
729
541
208
898
859
714
267
195
401
211
292
480
502
172
841
872
259
972
249
515
532
579
600
336
630
647
421
425
416
193
349
464
671
329
858
135
824
580
503
915
933
475
700
941
447
743
645
546
942
934
764
437
626
667
622
819
721
251
561
365
850
490
921
640
711
772
619
857
354
930
649
105
996
243
495
346
576
701
757
950
182
160
780
589
486
776
242
534
675
971
987
253
330
878
314
184
312
367
554
362
351
570
198
134
682
122
507
202
572
476
835
660
906
174
783
728
157
624
168
311
560
429
923
485
153
257
999
583
799
500
226
459
885
339
132
826
449
869
738
965
811
759
604
436
798
544
652
223
726
215
498
912
295
388
265
241
587
547
280
230
141
137
234
301
565
694
368
200
710
290
843
969
734
433
186
603
818
864
617
650
548
204
690
830
478
378
347
727
880
891
110
788
386
702
258
822
931
334
456
591
333
620
651
520
289
322
138
610
414
578
103
452
427
751
510
991
609
508
945
767
929
634
450
145
104
282
636
203
239
782
976
540
785
391
254
146
590
497
113
749
