123456
123465
123546
123654
123645
124356
124365
125436
125346
126435
126543
126534
126354
126345
132456
132465
132546
132654
132645
143256
143265
142356
142365
153246
154326
154236
152436
152346
163254
163245
164325
164235
165432
165423
165324
165234
165243
162435
162543
162534
162354
162345
213456
213465
213546
213654
213645
214356
214365
215436
215346
216435
216543
216534
216354
216345
321456
321465
321546
321654
321645
312456
312465
312546
312654
312645
421356
421365
432156
432165
431256
431265
413256
413265
412356
412365
521436
521346
532146
531246
543216
543126
542136
541236
541326
513246
514326
514236
512436
512346
621435
621543
621534
621354
621345
632154
632145
631254
631245
643215
643125
642135
641235
641325
653214
653124
654321
654312
654213
654123
654132
652134
652143
651423
651432
651243
651234
651324
613254
613245
614325
614235
615432
615423
615324
615234
615243
612435
612543
612534
612354
612345
