12345678
12345687
12345768
12345876
12345867
12346578
12346587
12347658
12347568
12348657
12348765
12348756
12348576
12348567
12354678
12354687
12354768
12354876
12354867
12365478
12365487
12364578
12364587
12375468
12376548
12376458
12374658
12374568
12385476
12385467
12386547
12386457
12387654
12387645
12387546
12387456
12387465
12384657
12384765
12384756
12384576
12384567
12435678
12435687
12435768
12435876
12435867
12436578
12436587
12437658
12437568
12438657
12438765
12438756
12438576
12438567
12543678
12543687
12543768
12543876
12543867
12534678
12534687
12534768
12534876
12534867
12643578
12643587
12654378
12654387
12653478
12653487
12635478
12635487
12634578
12634587
12743658
12743568
12754368
12753468
12765438
12765348
12764358
12763458
12763548
12735468
12736548
12736458
12734658
12734568
12843657
12843765
12843756
12843576
12843567
12854376
12854367
12853476
12853467
12865437
12865347
12864357
12863457
12863547
12875436
12875346
12876543
12876534
12876435
12876345
12876354
12874356
12874365
12873645
12873654
12873465
12873456
12873546
12835476
12835467
12836547
12836457
12837654
12837645
12837546
12837456
12837465
12834657
12834765
12834756
12834576
12834567
13245678
13245687
13245768
13245876
13245867
13246578
13246587
13247658
13247568
13248657
13248765
13248756
13248576
13248567
13254678
13254687
13254768
13254876
13254867
13265478
13265487
13264578
13264587
13275468
13276548
13276458
13274658
13274568
13285476
13285467
13286547
13286457
13287654
13287645
13287546
13287456
13287465
13284657
13284765
13284756
13284576
13284567
14325678
14325687
14325768
14325876
14325867
14326578
14326587
14327658
14327568
14328657
14328765
14328756
14328576
14328567
14235678
14235687
14235768
14235876
14235867
14236578
14236587
14237658
14237568
14238657
14238765
14238756
14238576
14238567
15324678
15324687
15324768
15324876
15324867
15432678
15432687
15432768
15432876
15432867
15423678
15423687
15423768
15423876
15423867
15243678
15243687
15243768
15243876
15243867
15234678
15234687
15234768
15234876
15234867
16325478
16325487
16324578
16324587
16432578
16432587
16423578
16423587
16543278
16543287
16542378
16542387
16532478
16532487
16523478
16523487
16524378
16524387
16243578
16243587
16254378
16254387
16253478
16253487
16235478
16235487
16234578
16234587
17325468
17326548
17326458
17324658
17324568
17432658
17432568
17423658
17423568
17543268
17542368
17532468
17523468
17524368
17643258
17642358
17654328
17654238
17653248
17652348
17652438
17632458
17632548
17625348
17625438
17623548
17623458
17624358
17243658
17243568
17254368
17253468
17265438
17265348
17264358
17263458
17263548
17235468
17236548
17236458
17234658
17234568
18325476
18325467
18326547
18326457
18327654
18327645
18327546
18327456
18327465
18324657
18324765
18324756
18324576
18324567
18432657
18432765
18432756
18432576
18432567
18423657
18423765
18423756
18423576
18423567
18543276
18543267
18542376
18542367
18532476
18532467
18523476
18523467
18524376
18524367
18643257
18642357
18654327
18654237
18653247
18652347
18652437
18632457
18632547
18625347
18625437
18623547
18623457
18624357
18743256
18743265
18742365
18742356
18754326
18754236
18753246
18752346
18752436
18765432
18765423
18765324
18765234
18765243
18764325
18764235
18763254
18763245
18762435
18762345
18762354
18762534
18762543
18732645
18732654
18732465
18732456
18732546
18725346
18725436
18726534
18726543
18726354
18726345
18726435
18723654
18723645
18723546
18723456
18723465
18724365
18724356
18243657
18243765
18243756
18243576
18243567
18254376
18254367
18253476
18253467
18265437
18265347
18264357
18263457
18263547
18275436
18275346
18276543
18276534
18276435
18276345
18276354
18274356
18274365
18273645
18273654
18273465
18273456
18273546
18235476
18235467
18236547
18236457
18237654
18237645
18237546
18237456
18237465
18234657
18234765
18234756
18234576
18234567
21345678
21345687
21345768
21345876
21345867
21346578
21346587
21347658
21347568
21348657
21348765
21348756
21348576
21348567
21354678
21354687
21354768
21354876
21354867
21365478
21365487
21364578
21364587
21375468
21376548
21376458
21374658
21374568
21385476
21385467
21386547
21386457
21387654
21387645
21387546
21387456
21387465
21384657
21384765
21384756
21384576
21384567
21435678
21435687
21435768
21435876
21435867
21436578
21436587
21437658
21437568
21438657
21438765
21438756
21438576
21438567
21543678
21543687
21543768
21543876
21543867
21534678
21534687
21534768
21534876
21534867
21643578
21643587
21654378
21654387
21653478
21653487
21635478
21635487
21634578
21634587
21743658
21743568
21754368
21753468
21765438
21765348
21764358
21763458
21763548
21735468
21736548
21736458
21734658
21734568
21843657
21843765
21843756
21843576
21843567
21854376
21854367
21853476
21853467
21865437
21865347
21864357
21863457
21863547
21875436
21875346
21876543
21876534
21876435
21876345
21876354
21874356
21874365
21873645
21873654
21873465
21873456
21873546
21835476
21835467
21836547
21836457
21837654
21837645
21837546
21837456
21837465
21834657
21834765
21834756
21834576
21834567
32145678
32145687
32145768
32145876
32145867
32146578
32146587
32147658
32147568
32148657
32148765
32148756
32148576
32148567
32154678
32154687
32154768
32154876
32154867
32165478
32165487
32164578
32164587
32175468
32176548
32176458
32174658
32174568
32185476
32185467
32186547
32186457
32187654
32187645
32187546
32187456
32187465
32184657
32184765
32184756
32184576
32184567
31245678
31245687
31245768
31245876
31245867
31246578
31246587
31247658
31247568
31248657
31248765
31248756
31248576
31248567
31254678
31254687
31254768
31254876
31254867
31265478
31265487
31264578
31264587
31275468
31276548
31276458
31274658
31274568
31285476
31285467
31286547
31286457
31287654
31287645
31287546
31287456
31287465
31284657
31284765
31284756
31284576
31284567
42135678
42135687
42135768
42135876
42135867
42136578
42136587
42137658
42137568
42138657
42138765
42138756
42138576
42138567
43215678
43215687
43215768
43215876
43215867
43216578
43216587
43217658
43217568
43218657
43218765
43218756
43218576
43218567
43125678
43125687
43125768
43125876
43125867
43126578
43126587
43127658
43127568
43128657
43128765
43128756
43128576
43128567
41325678
41325687
41325768
41325876
41325867
41326578
41326587
41327658
41327568
41328657
41328765
41328756
41328576
41328567
41235678
41235687
41235768
41235876
41235867
41236578
41236587
41237658
41237568
41238657
41238765
41238756
41238576
41238567
52143678
52143687
52143768
52143876
52143867
52134678
52134687
52134768
52134876
52134867
53214678
53214687
53214768
53214876
53214867
53124678
53124687
53124768
53124876
53124867
54321678
54321687
54321768
54321876
54321867
54312678
54312687
54312768
54312876
54312867
54213678
54213687
54213768
54213876
54213867
54123678
54123687
54123768
54123876
54123867
54132678
54132687
54132768
54132876
54132867
51324678
51324687
51324768
51324876
51324867
51432678
51432687
51432768
51432876
51432867
51423678
51423687
51423768
51423876
51423867
51243678
51243687
51243768
51243876
51243867
51234678
51234687
51234768
51234876
51234867
62143578
62143587
62154378
62154387
62153478
62153487
62135478
62135487
62134578
62134587
63215478
63215487
63214578
63214587
63125478
63125487
63124578
63124587
64321578
64321587
64312578
64312587
64213578
64213587
64123578
64123587
64132578
64132587
65321478
65321487
65312478
65312487
65432178
65432187
65431278
65431287
65421378
65421387
65412378
65412387
65413278
65413287
65213478
65213487
65214378
65214387
65142378
65142387
65143278
65143287
65124378
65124387
65123478
65123487
65132478
65132487
61325478
61325487
61324578
61324587
61432578
61432587
61423578
61423587
61543278
61543287
61542378
61542387
61532478
61532487
61523478
61523487
61524378
61524387
61243578
61243587
61254378
61254387
61253478
61253487
61235478
61235487
61234578
61234587
72143658
72143568
72154368
72153468
72165438
72165348
72164358
72163458
72163548
72135468
72136548
72136458
72134658
72134568
73215468
73216548
73216458
73214658
73214568
73125468
73126548
73126458
73124658
73124568
74321658
74321568
74312658
74312568
74213658
74213568
74123658
74123568
74132658
74132568
75321468
75312468
75432168
75431268
75421368
75412368
75413268
75213468
75214368
75142368
75143268
75124368
75123468
75132468
76321458
76321548
76312548
76312458
76432158
76431258
76421358
76412358
76413258
76543218
76543128
76542138
76541238
76541328
76532148
76531248
76521438
76521348
76513248
76512348
76512438
76514238
76514328
76215348
76215438
76213548
76213458
76214358
76142358
76143258
76154238
76154328
76152438
76152348
76153248
76125438
76125348
76124358
76123458
76123548
76132548
76132458
71325468
71326548
71326458
71324658
71324568
71432658
71432568
71423658
71423568
71543268
71542368
71532468
71523468
71524368
71643258
71642358
71654328
71654238
71653248
71652348
71652438
71632458
71632548
71625348
71625438
71623548
71623458
71624358
71243658
71243568
71254368
71253468
71265438
71265348
71264358
71263458
71263548
71235468
71236548
71236458
71234658
71234568
82143657
82143765
82143756
82143576
82143567
82154376
82154367
82153476
82153467
82165437
82165347
82164357
82163457
82163547
82175436
82175346
82176543
82176534
82176435
82176345
82176354
82174356
82174365
82173645
82173654
82173465
82173456
82173546
82135476
82135467
82136547
82136457
82137654
82137645
82137546
82137456
82137465
82134657
82134765
82134756
82134576
82134567
83215476
83215467
83216547
83216457
83217654
83217645
83217546
83217456
83217465
83214657
83214765
83214756
83214576
83214567
83125476
83125467
83126547
83126457
83127654
83127645
83127546
83127456
83127465
83124657
83124765
83124756
83124576
83124567
84321657
84321765
84321756
84321576
84321567
84312657
84312765
84312756
84312576
84312567
84213657
84213765
84213756
84213576
84213567
84123657
84123765
84123756
84123576
84123567
84132657
84132765
84132756
84132576
84132567
85321476
85321467
85312476
85312467
85432176
85432167
85431276
85431267
85421376
85421367
85412376
85412367
85413276
85413267
85213476
85213467
85214376
85214367
85142376
85142367
85143276
85143267
85124376
85124367
85123476
85123467
85132476
85132467
86321457
86321547
86312547
86312457
86432157
86431257
86421357
86412357
86413257
86543217
86543127
86542137
86541237
86541327
86532147
86531247
86521437
86521347
86513247
86512347
86512437
86514237
86514327
86215347
86215437
86213547
86213457
86214357
86142357
86143257
86154237
86154327
86152437
86152347
86153247
86125437
86125347
86124357
86123457
86123547
86132547
86132457
87321645
87321654
87321465
87321456
87321546
87312654
87312645
87312546
87312456
87312465
87432156
87432165
87431265
87431256
87421365
87421356
87412356
87412365
87413265
87413256
87543216
87543126
87542136
87541236
87541326
87532146
87531246
87521436
87521346
87513246
87512346
87512436
87514236
87514326
87643215
87643125
87642135
87641325
87641235
87654321
87654312
87654213
87654123
87654132
87653214
87653124
87652143
87652134
87651324
87651234
87651243
87651423
87651432
87632154
87632145
87631245
87631254
87621345
87621354
87621435
87621543
87621534
87615324
87615234
87615243
87615423
87615432
87613254
87613245
87612354
87612345
87612534
87612543
87612435
87614325
87614235
87215346
87215436
87216534
87216543
87216354
87216345
87216435
87213654
87213645
87213546
87213456
87213465
87214365
87214356
87142356
87142365
87143265
87143256
87154236
87154326
87152436
87152346
87153246
87165423
87165432
87165243
87165234
87165324
87164235
87164325
87162435
87162543
87162534
87162354
87162345
87163245
87163254
87125436
87125346
87126543
87126534
87126435
87126345
87126354
87124356
87124365
87123645
87123654
87123465
87123456
87123546
87132654
87132645
87132546
87132456
87132465
81325476
81325467
81326547
81326457
81327654
81327645
81327546
81327456
81327465
81324657
81324765
81324756
81324576
81324567
81432657
81432765
81432756
81432576
81432567
81423657
81423765
81423756
81423576
81423567
81543276
81543267
81542376
81542367
81532476
81532467
81523476
81523467
81524376
81524367
81643257
81642357
81654327
81654237
81653247
81652347
81652437
81632457
81632547
81625347
81625437
81623547
81623457
81624357
81743256
81743265
81742365
81742356
81754326
81754236
81753246
81752346
81752436
81765432
81765423
81765324
81765234
81765243
81764325
81764235
81763254
81763245
81762435
81762345
81762354
81762534
81762543
81732645
81732654
81732465
81732456
81732546
81725346
81725436
81726534
81726543
81726354
81726345
81726435
81723654
81723645
81723546
81723456
81723465
81724365
81724356
81243657
81243765
81243756
81243576
81243567
81254376
81254367
81253476
81253467
81265437
81265347
81264357
81263457
81263547
81275436
81275346
81276543
81276534
81276435
81276345
81276354
81274356
81274365
81273645
81273654
81273465
81273456
81273546
81235476
81235467
81236547
81236457
81237654
81237645
81237546
81237456
81237465
81234657
81234765
81234756
81234576
81234567
