1234567
1234576
1234657
1234765
1234756
1235467
1235476
1236547
1236457
1237546
1237654
1237645
1237465
1237456
1243567
1243576
1243657
1243765
1243756
1254367
1254376
1253467
1253476
1264357
1265437
1265347
1263547
1263457
1274365
1274356
1275436
1275346
1276543
1276534
1276435
1276345
1276354
1273546
1273654
1273645
1273465
1273456
1324567
1324576
1324657
1324765
1324756
1325467
1325476
1326547
1326457
1327546
1327654
1327645
1327465
1327456
1432567
1432576
1432657
1432765
1432756
1423567
1423576
1423657
1423765
1423756
1532467
1532476
1543267
1543276
1542367
1542376
1524367
1524376
1523467
1523476
1632547
1632457
1643257
1642357
1654327
1654237
1653247
1652347
1652437
1624357
1625437
1625347
1623547
1623457
1732546
1732654
1732645
1732465
1732456
1743265
1743256
1742365
1742356
1754326
1754236
1753246
1752346
1752436
1764325
1764235
1765432
1765423
1765324
1765234
1765243
1763245
1763254
1762534
1762543
1762354
1762345
1762435
1724365
1724356
1725436
1725346
1726543
1726534
1726435
1726345
1726354
1723546
1723654
1723645
1723465
1723456
2134567
2134576
2134657
2134765
2134756
2135467
2135476
2136547
2136457
2137546
2137654
2137645
2137465
2137456
2143567
2143576
2143657
2143765
2143756
2154367
2154376
2153467
2153476
2164357
2165437
2165347
2163547
2163457
2174365
2174356
2175436
2175346
2176543
2176534
2176435
2176345
2176354
2173546
2173654
2173645
2173465
2173456
3214567
3214576
3214657
3214765
3214756
3215467
3215476
3216547
3216457
3217546
3217654
3217645
3217465
3217456
3124567
3124576
3124657
3124765
3124756
3125467
3125476
3126547
3126457
3127546
3127654
3127645
3127465
3127456
4213567
4213576
4213657
4213765
4213756
4321567
4321576
4321657
4321765
4321756
4312567
4312576
4312657
4312765
4312756
4132567
4132576
4132657
4132765
4132756
4123567
4123576
4123657
4123765
4123756
5214367
5214376
5213467
5213476
5321467
5321476
5312467
5312476
5432167
5432176
5431267
5431276
5421367
5421376
5412367
5412376
5413267
5413276
5132467
5132476
5143267
5143276
5142367
5142376
5124367
5124376
5123467
5123476
6214357
6215437
6215347
6213547
6213457
6321547
6321457
6312547
6312457
6432157
6431257
6421357
6412357
6413257
6532147
6531247
6543217
6543127
6542137
6541237
6541327
6521347
6521437
6514237
6514327
6512437
6512347
6513247
6132547
6132457
6143257
6142357
6154327
6154237
6153247
6152347
6152437
6124357
6125437
6125347
6123547
6123457
7214365
7214356
7215436
7215346
7216543
7216534
7216435
7216345
7216354
7213546
7213654
7213645
7213465
7213456
7321546
7321654
7321645
7321465
7321456
7312546
7312654
7312645
7312465
7312456
7432165
7432156
7431265
7431256
7421365
7421356
7412365
7412356
7413265
7413256
7532146
7531246
7543216
7543126
7542136
7541236
7541326
7521346
7521436
7514236
7514326
7512436
7512346
7513246
7632145
7632154
7631254
7631245
7643215
7643125
7642135
7641235
7641325
7654321
7654312
7654213
7654123
7654132
7653214
7653124
7652143
7652134
7651324
7651234
7651243
7651423
7651432
7621534
7621543
7621354
7621345
7621435
7614235
7614325
7615423
7615432
7615243
7615234
7615324
7612543
7612534
7612435
7612345
7612354
7613254
7613245
7132546
7132654
7132645
7132465
7132456
7143265
7143256
7142365
7142356
7154326
7154236
7153246
7152346
7152436
7164325
7164235
7165432
7165423
7165324
7165234
7165243
7163245
7163254
7162534
7162543
7162354
7162345
7162435
7124365
7124356
7125436
7125346
7126543
7126534
7126435
7126345
7126354
7123546
7123654
7123645
7123465
7123456
