601
184
997
421
976
509
929
352
448
858
209
479
300
339
341
821
806
560
314
374
129
677
543
403
692
305
733
442
705
642
142
727
422
389
116
580
437
356
941
879
629
974
177
555
707
706
528
359
695
673
454
392
565
381
822
279
907
816
154
128
156
176
740
110
447
881
872
338
245
885
760
589
849
774
616
715
959
533
752
765
769
312
243
789
272
330
463
263
839
819
964
844
540
878
590
689
535
948
548
618
762
818
636
772
141
584
962
485
280
436
417
920
876
511
519
827
502
559
470
825
623
125
901
588
355
995
244
840
570
451
646
608
845
106
667
497
134
720
940
943
254
193
658
278
364
523
319
372
749
679
520
620
462
456
382
375
581
808
921
368
404
756
143
670
178
467
721
683
253
900
241
574
388
289
415
358
598
856
173
657
431
329
508
600
544
282
681
478
980
983
843
405
292
123
551
343
265
992
260
357
316
296
786
370
112
419
237
428
813
163
896
111
793
823
810
817
634
441
899
346
427
612
138
524
777
222
122
791
297
547
140
482
785
353
884
671
351
797
638
323
203
655
742
234
386
311
420
713
625
459
507
274
835
334
552
233
384
438
284
696
493
537
665
440
199
653
191
398
475
104
168
732
814
862
864
212
215
855
400
905
624
967
953
649
796
262
298
426
783
966
615
174
309
682
973
387
247
569
306
239
152
916
175
201
779
894
853
432
165
268
751
157
221
197
711
418
630
490
826
393
782
518
304
526
430
923
838
860
880
408
100
644
776
166
161
208
610
663
453
556
406
811
271
913
124
545
939
496
367
183
216
229
130
167
627
439
320
622
489
449
891
928
863
586
472
118
137
834
563
510
802
562
257
495
890
534
532
866
676
424
770
963
288
