846
593
7810
6264
4324
6464
2342
161
4690
1799
8057
6170
1744
6922
184
2554
1832
296
7644
9312
458
207
582
3571
6008
9200
9127
4921
230
8150
7680
339
5507
7447
863
253
3177
4752
4851
535
527
9403
276
6467
1981
1014
1538
5740
9023
299
5684
5732
827
6283
1476
3375
322
9898
4928
9884
5018
6228
9596
345
6192
4108
4167
1553
277
6308
368
8896
1613
31
2829
3475
9558
391
209
1003
2575
900
1058
1459
414
8832
9797
4370
3550
8994
4783
437
5242
8427
1775
4649
6353
865
460
1756
5887
2545
139
213
1489
483
2547
8298
1223
7377
8352
6250
506
373
9670
3673
2527
804
8762
529
7176
6155
487
9090
2842
9622
552
8052
9968
2418
261
8376
9231
575
3353
4132
442
9657
3798
4662
598
5058
8511
3910
1825
9543
1329
621
1147
8446
9293
5253
7862
5269
644
1349
9615
6467
7330
2358
2741
667
286
8228
9093
9320
15
6938
690
8941
1801
9904
8684
1592
6158
713
9075
1600
1736
3953
1872
8568
736
3846
6143
3354
5889
6826
6638
759
1787
8255
1169
5724
5107
2361
782
8599
7338
1400
4258
8911
5487
805
4059
2428
9569
6381
6883
2722
828
353
2553
6374
183
6005
9861
851
8420
1996
7112
8906
9699
2435
874
1593
4724
6323
5441
161
7431
897
2419
7934
7108
5566
6299
5011
920
1862
9027
3775
2602
2098
4763
943
3723
6039
6068
2065
31
8443
966
3785
2166
6954
7434
7124
3970
989
5144
5689
5554
1025
5194
2853
1012
3768
7094
186
1821
5638
8589
1035
4922
805
943
4176
2515
1593
1058
9304
3860
9499
1454
9172
7590
1081
3766
4738
6224
5043
7297
942
1104
9757
468
4812
2038
6473
7161
1127
9389
3276
366
8174
5439
5559
1150
1318
6185
5265
219
228
2563
1173
6972
6759
8708
3842
9850
1529
1196
8127
1446
399
2229
4816
5243
1219
971
2077
1917
8922
5189
418
1242
362
5998
1582
4100
1339
7156
1265
4574
4236
3317
2549
3216
5050
1288
8111
6669
2853
9024
2337
2606
1311
3038
8815
7957
4
8300
798
1334
5420
3520
9665
4023
3982
2470
1357
5046
8272
9606
4622
3434
5279
1380
7230
857
2100
9309
7450
919
1403
4496
5206
6453
8393
9419
2510
1426
9027
551
6654
9828
3958
2807
1449
2466
1764
7166
1206
6892
2552
1472
6675
1525
1672
6454
6537
2221
1495
6487
1609
1531
5856
884
6281
1518
2672
6586
4109
2321
9041
6332
1541
513
4970
7136
1078
2921
8109
1564
5653
5626
2257
5426
2826
4945
1587
9744
6776
6502
8026
4561
2121
1610
342
3599
10
581
4667
6515
1633
4087
318
2620
3510
2114
3557
1656
9399
4396
6457
201
8218
9594
1679
1251
6410
8621
5184
9148
7935
1702
9054
5436
65
1788
6090
1405
1725
4118
2618
6228
237
7408
737
1748
3458
8004
6832
2379
2366
8303
1771
5277
9713
2687
3853
1526
7174
1794
9117
2196
7569
2272
5405
1573
1817
5846
8624
5592
8959
5004
2979
1840
7849
7539
4542
7493
8847
6650
1863
337
751
2607
4865
409
9144
1886
8275
9539
6770
720
3643
570
1909
8960
5553
6863
82
1942
1636
1932
9253
3560
3091
5099
1835
5234
1955
5020
3008
4211
9620
8966
5962
1978
4757
8560
2627
1930
1515
6018
2001
2026
1070
9768
8337
4056
8709
2024
2476
200
3415
520
1414
7312
2047
2065
8179
6130
7578
6003
79
2070
1743
800
5454
609
903
1990
2093
3078
1535
1392
630
4145
8950
2116
7782
8337
7553
3840
1259
1356
2139
7878
4497
1773
3127
1364
8079
2162
5189
1031
354
8235
9375
5024
2185
1022
1904
1505
8243
5212
1068
2208
374
5134
4945
9211
6208
9838
2231
0
3304
5079
1462
2273
715
2254
5173
486
9661
3317
5536
2471
2277
4882
5926
373
361
5370
1683
2300
4822
4963
1749
2959
4513
2666
2323
6096
1548
4989
5825
1036
325
2346
1485
129
9214
8194
6365
9989
2369
6702
7460
7427
6475
1166
6153
2392
8171
8707
8031
9594
8005
5519
2415
441
259
3105
9390
1606
6861
2438
2117
90
4883
4728
2117
4474
2461
7119
2564
3199
6553
4581
6099
2484
2629
3533
9956
730
2964
1129
2507
519
2641
4436
6445
7987
2309
2530
281
5294
78
7226
1914
1973
2553
5083
7325
9978
5799
2795
2702
2576
467
8488
5157
2798
3311
4542
2599
3296
9062
7841
4880
2539
3905
2622
1898
4476
8584
3353
3567
4956
2645
486
4943
6418
6878
850
622
2668
1524
2342
3206
8594
5787
1603
2691
9202
6257
2641
472
916
2342
2714
1664
5737
6310
1167
3594
8173
2737
6008
911
9406
2428
8524
9644
2760
3224
1365
1439
3549
916
669
2783
478
2470
7245
1053
5334
6855
2806
2820
6330
1048
7838
4880
6347
2829
1239
3974
978
5780
155
5406
2852
8545
9270
3889
1452
536
881
2875
2301
1624
4333
1047
1575
8960
2898
6441
3966
1473
6563
239
908
-402
6302
5227
4432
346
1858
92
3531
1396
-1777
-1656
6720
1898
105
1772
6997
4703
-347
7465
5317
118
4460
-972
5104
-669
5448
6328
131
-1780
1847
0
0
-1823
1302
144
-2271
6145
7408
714
7244
2331
157
5400
1142
696
6860
-1658
1838
170
5228
4376
4753
1643
446
-1662
183
1511
886
-1702
477
0
-2316
196
6773
2943
6041
0
2244
6104
209
0
-1989
5241
6740
-2299
-2445
222
3644
3679
207
-2169
6075
4654
235
0
2486
238
2277
0
-2197
248
2568
2905
-827
1377
-231
7055
261
4091
2432
2944
781
-1818
3683
274
-505
5645
-1044
1265
-775
270
287
7384
882
-515
3293
6552
3432
300
6525
5549
5819
6401
1689
4230
313
-2296
7386
-59
2431
6335
-608
326
2710
2309
3527
1634
3230
-2211
339
-88
-682
-1224
0
-1350
4150
352
0
-1799
1837
1798
-2421
165
365
5755
-2204
0
-817
4600
-103
378
0
-282
7402
5041
0
4214
391
2937
6027
4516
4098
-820
7348
404
-466
1845
-150
5043
-1416
1824
417
6464
-957
-775
3848
4625
6035
430
2942
4464
1638
1045
-1346
-165
443
6916
6120
3299
3723
-2284
-375
456
-921
3171
-483
1703
3606
4091
469
389
-76
4362
5876
3473
2240
482
593
-247
7015
-2211
-554
-1901
495
-2496
-486
4639
35
4126
-189
508
-960
2832
2405
0
0
4265
521
-1740
-965
4628
-1092
209
5471
534
3858
2315
4360
0
5645
5974
547
0
2517
133
5972
-319
6517
560
3489
0
-634
-1081
-1206
3525
573
1554
4985
360
372
3143
5918
586
5770
5619
-1764
5428
31
2232
599
-2055
-2068
6118
-2172
1646
-56
612
5400
7266
3273
2608
-44
7272
625
1984
-952
1447
-151
-1689
5135
638
6003
4063
6276
2300
538
2076
651
6374
5963
-345
2600
7189
78
664
5725
-1223
-1419
-648
-2174
-101
677
3479
-1676
-415
2762
4156
3275
690
-1720
4851
-1467
-1864
53
-1256
703
-1128
2761
-721
2813
3833
4082
716
-42
-614
6869
1919
3968
5136
729
1149
-2489
-800
7105
2279
4657
742
3836
1854
2108
512
-868
3960
755
1287
-1851
7213
5879
724
-205
768
4098
-1036
-1198
5743
2033
-310
781
3286
-283
2432
437
-551
3144
794
2177
-2235
1253
4812
-1907
1678
807
-1720
-290
3470
-2416
2118
3037
820
-1518
-2492
3233
3670
6
-2339
833
-1739
-902
0
-494
3488
-1027
846
-1694
6170
-1428
2610
0
5338
859
0
1277
0
-781
2206
6700
872
-381
-1700
-669
-2280
-172
6651
885
-2452
6244
4346
5902
5341
-1009
898
-215
5901
208
0
6956
6897
911
-289
7496
6757
7211
7446
7425
924
-742
1057
0
5552
-1246
5191
937
4649
5020
2095
7262
-1049
6445
950
-1681
3266
2510
6620
1708
4726
963
6665
5862
3041
6686
1076
1741
976
4220
-271
-1358
-915
-1213
914
989
7093
847
1486
6746
6270
4181
1002
0
-1
5373
6033
6842
115
1015
1552
64
769
2288
6303
5284
1028
6265
5453
982
6342
531
1762
1041
-1179
2879
7364
-745
4642
0
1054
2653
3227
6416
2343
2488
7443
1067
0
2027
3699
1120
-2238
4570
1080
6485
-2071
-1056
-983
4833
-74
1093
-805
-2164
4764
604
6586
7421
1106
-689
5779
6599
6254
0
4752
1119
609
-1236
1851
4949
-293
4625
1132
1766
680
-946
687
-1265
6753
1145
6329
4134
6731
2132
6082
-971
1158
-1882
-1540
439
-454
6172
4275
1171
3450
1563
3956
4819
-2150
6235
1184
5020
-1377
-629
1490
-2091
-2052
1197
7479
2561
-1088
892
-2003
1729
1210
1299
3319
-923
5139
6111
64
1223
569
-972
4478
6626
-1522
4766
1236
2536
-1326
3926
0
-73
1775
1249
-1758
5475
6393
2052
-1210
7466
1262
1613
5774
658
-420
5155
1320
1275
6071
71
35
2790
6672
6070
1288
4753
399
-394
6380
3843
0
1301
4618
4150
551
4194
7317
2542
1314
7183
1234
1857
4510
4167
0
1327
6064
5322
3065
3216
6166
-2034
1340
-1087
115
2988
2552
3426
-1295
1353
-110
2992
101
5036
2188
2656
1366
-1198
-2468
-2392
-607
3677
0
1379
2819
2480
3697
4905
1122
5148
1392
0
-2023
-1268
-1405
1856
873
1405
89
-528
0
2603
-166
0
1418
1627
345
-735
4342
6878
-2243
1431
1977
2728
2920
-1730
7122
5395
1444
0
-376
5589
4467
2925
0
1457
3338
6569
0
871
6930
-2425
1470
3812
2323
1396
1188
-1564
-2126
1483
4437
0
3270
4789
-608
5016
1496
-2358
-1119
-424
-944
6067
1103
1509
7335
4591
7314
4057
6389
-515
1522
1650
6409
0
0
6910
-829
1535
3181
-624
5319
0
1764
7157
1548
0
-827
-2426
704
-1010
7466
1561
2053
912
-42
3617
4800
724
1574
4160
6408
73
3297
-277
3386
1587
1280
1587
5629
-914
3567
3252
1600
-168
2116
5803
-1407
1918
6845
1613
7267
-35
3726
911
-66
110
1626
1286
5988
7473
7254
0
-1291
1639
2895
-2115
-1479
819
7209
4205
7049
4849
3676
8169
4288
283
8762
0
6829
8879
3895
5558
6159
6143
23
8829
947
2463
7525
7926
9597
46
7976
4820
7338
7162
2404
551
69
5283
5454
4293
524
2913
9853
92
97
3955
9189
9026
3958
3967
115
6973
3238
5174
7787
1818
1363
138
2428
1733
5621
8206
6327
7282
161
4058
9017
9200
5296
134
7855
184
5553
9939
9657
9479
125
2300
207
4435
9324
7328
5816
1562
1649
230
646
6027
1150
1734
2259
4295
253
1164
3192
9492
6325
6557
3327
276
4244
2550
9561
446
8498
5715
299
5788
3106
3875
7887
6860
4456
322
5607
740
767
9534
8386
1494
345
3661
3229
9480
9920
8804
4591
368
2142
1217
7251
5772
994
8119
391
9356
6272
3638
2953
2870
5201
414
276
4678
595
9961
6644
3546
437
6269
8041
5727
8480
7503
9743
460
5201
1202
2013
1833
6943
9810
483
8926
3567
7899
5175
7264
4560
506
9813
9690
6664
4024
4196
1884
529
6343
1432
4328
4937
7790
7696
552
5430
6893
7435
7316
654
2554
575
9510
6796
8048
2725
847
7764
598
9949
529
2915
7649
2598
7443
621
2219
1021
623
9006
9954
562
644
5539
9358
633
4363
5897
4146
667
7424
5607
2721
6906
7615
5044
690
7360
2728
1042
61
2933
5716
713
821
123
6810
1272
8248
81
736
3646
1225
9468
2569
445
7881
759
5543
2013
1596
1270
3222
5326
782
1554
9286
9405
9557
4046
5947
805
2223
6416
4853
9641
1472
5539
828
8792
5410
9715
1088
8641
9208
851
4012
9592
5884
6982
7685
1939
874
2567
5753
9062
1251
7713
2636
897
4950
3324
1695
3992
2204
5882
920
7402
3926
5938
1243
3767
5661
943
150
439
24
2342
2418
1745
966
2015
5427
9954
3526
654
873
989
1022
2701
1896
1992
6783
4489
1012
1685
5820
4927
9209
6882
8631
1035
5864
6736
3290
5822
9189
729
1058
2003
9654
34
2037
2349
2978
1081
6304
6646
4832
5297
699
2734
1104
709
9131
7795
87
8500
3587
1127
3957
6154
4502
893
2617
9904
1150
8981
963
7101
1675
5980
500
1173
6237
4077
7168
2476
4980
3281
1196
4256
7604
1725
711
8912
8407
1219
1489
1748
348
6774
9751
84
1242
4581
220
3480
4745
5799
2347
1265
7154
4657
4097
830
6672
4075
1288
5638
4013
8054
7787
4623
2282
1311
9002
7194
140
6010
1950
385
1334
7328
2177
7099
7472
3888
9013
1357
6787
5943
8550
5811
723
1854
1380
5540
7985
8174
3736
6353
4935
1403
8819
2246
3239
7195
31
2903
1426
8200
3165
5085
1336
3328
298
1449
6586
9585
77
8283
4792
2197
1472
7786
1971
8514
5629
6308
1240
1495
9342
1201
3739
1140
1377
1372
1518
1034
7558
3538
125
4581
5799
1541
664
1654
7536
5658
8625
5810
1564
3092
2937
1157
7443
7144
8049
1587
8839
1642
1830
3828
1348
694
1610
457
7350
3888
90
1738
2278
1633
3852
1431
3616
4945
565
2614
1656
5681
4258
1422
2223
1695
777
1679
7760
7688
1027
2365
9658
4072
1702
2602
8037
8011
5680
2739
6709
1725
886
3070
9631
4035
1800
3534
1748
2709
1378
440
3332
8396
5781
1771
4616
3690
8266
9860
2041
9807
1794
8153
4175
9788
9858
1619
2668
1817
8874
5983
7107
4745
6781
9343
1840
1816
1210
4822
1630
4390
6843
1863
5938
8468
9135
8549
4574
8327
1886
1016
6382
4470
698
8205
90
1909
5107
9154
2669
2366
8268
1432
1932
3460
7394
6138
7819
9936
1506
1955
2928
7232
2578
3395
4939
6180
1978
2397
2097
1141
1104
1513
8461
2001
689
5325
9721
1175
1070
2131
2024
3582
400
4570
1696
1891
3977
2047
7443
8172
1947
1480
7677
2491
2070
2008
7736
8242
5533
2958
1478
2093
5837
7956
3536
1963
9079
2581
2116
4244
6967
109
877
7229
1982
2139
9182
9590
2963
5318
4147
4792
2162
6681
5331
4236
8529
5152
4358
2185
7697
3829
8693
8288
1537
2467
2208
4741
3519
7174
476
2707
5697
2231
5157
7140
9437
7156
8924
1530
2254
9631
1687
2164
9666
8558
2950
2277
6302
8949
928
9084
7889
672
2300
6646
8150
4230
3401
8268
3660
2323
9638
2244
3725
8217
7958
2805
2346
6919
5986
4038
2678
7021
6358
2369
6082
2086
6866
3286
5866
1209
2392
5960
4575
2813
3224
5917
4389
2415
193
2467
1222
5311
9479
8643
2438
8896
6828
5998
9713
3131
8068
2461
9693
4540
4126
7966
808
7244
2484
6197
5684
3447
4655
2339
633
2507
3900
6980
337
347
610
1017
2530
5035
1410
9617
7239
6580
8
2553
3306
8300
5108
6060
3209
4641
2576
3424
6730
4744
1017
5322
3932
2599
8095
4498
9501
1726
8653
3743
2622
9510
3284
344
5803
2680
1123
2645
2601
3341
9306
5693
8375
7478
2668
4783
2226
6549
2334
7130
9288
2691
9921
5352
6244
2902
7842
1410
2714
89
5820
7887
1437
9709
6908
2737
863
1528
1974
7311
689
9246
2760
8491
1145
6798
7802
3616
3050
2783
3134
8498
3312
3532
1031
6195
2806
3217
4343
7550
5902
6674
7943
2829
1599
1947
8334
7022
7078
7741
2852
1424
1031
6268
2490
5861
5463
2875
363
5410
9588
4829
7948
4015
2898
5140
1632
237
8133
7311
3863
2921
7559
7048
4646
8422
148
2927
2944
2669
1224
4233
5253
8421
9661
2967
749
6155
2280
778
7644
2532
2990
7444
2742
6053
907
6532
4755
3013
1224
5282
1890
2819
1586
7872
3036
1025
6170
6249
39
442
5336
3059
9933
3239
3684
5835
8334
7011
3082
1651
4942
1638
7424
5517
6225
3105
9178
2119
9389
1439
6411
7804
3128
8621
3065
1954
2986
1813
3494
3151
3575
7684
8768
8539
763
2093
3174
8215
3670
6083
9881
5651
1515
3197
2437
482
266
5751
4099
1108
3220
2031
1370
2191
1353
5015
8585
3243
9748
847
4322
589
6653
5432
3266
4728
9641
4299
6181
2445
9266
3289
7439
7941
3160
1305
841
8454
3312
9812
8707
8888
5886
9262
2391
3335
2333
2222
6375
9761
2379
3242
3358
6254
8937
9385
6229
1057
123
3381
1175
5703
3983
6876
2707
2281
3404
8683
1247
9510
4546
6096
838
3427
478
2365
962
7844
4480
761
3450
2649
685
3522
6510
956
4186
3473
4900
3640
5823
5746
9977
2557
3496
2690
3282
121
8378
1850
6420
3519
7240
3245
8937
9781
1372
9028
3542
1263
1983
567
2569
5668
9130
3565
2190
5399
4383
8481
9824
8683
3588
8542
3977
5093
4268
618
3054
3611
5882
1531
8648
4582
480
5332
3634
1273
2570
9880
2081
7684
4062
3657
7074
9785
1531
1398
6252
4902
3680
81
8602
8127
7944
1538
5953
3703
2178
3878
9816
7215
9868
8734
3726
3355
1155
4939
9664
5465
7073
3749
1982
9529
3285
8576
2617
6373
3772
1595
5711
1634
9434
6445
84
3795
2229
1203
6134
7926
827
9060
3818
8179
9708
2277
370
7459
5394
3841
3533
7602
871
2753
2782
8459
3864
8456
7398
7869
2861
9651
1726
3887
4238
6343
3357
8947
292
3070
3910
3925
3689
1470
9946
1052
9057
3933
7932
146
5311
8721
7470
804
3956
5590
2364
5227
9529
2682
781
3979
77
1528
1610
4097
1704
183
4002
8233
2307
8164
7578
3205
5496
4025
2999
1625
9358
5432
4225
6459
4048
4817
9424
528
3970
4294
803
4071
7612
6624
2599
5423
457
9710
4094
5323
8552
1646
8108
2113
5372
4117
512
454
4575
7312
5194
6259
4140
8992
6155
2070
4215
2374
2695
4163
1687
1744
879
7725
5904
8406
4186
4116
6553
9302
9802
1974
1478
4209
3090
9449
8852
4426
8207
9091
4232
1047
8047
4483
9774
1484
4650
4255
2511
2806
1933
5705
889
2345
4278
1242
8070
7612
2658
2904
7165
4301
2454
7238
7311
2319
7189
3977
4324
1640
3962
4700
4917
2594
2114
4347
1071
4296
5691
1311
1063
4970
4370
1479
4130
3103
3278
9985
5024
4393
4169
8434
5278
6421
9161
4937
4416
1944
7216
3713
1372
6153
7912
4439
9125
1689
6636
5456
3557
1430
4462
7531
5562
4524
2863
7567
1976
4485
9750
6850
4630
7358
416
7892
4508
8365
313
3553
6267
2203
7255
4531
5216
2482
3679
2012
4170
8823
4554
9806
6253
9076
3201
3304
3660
4577
7605
608
5763
5572
8460
7131
4600
8940
2181
480
6691
2691
2911
4623
755
7305
8361
5890
9301
8472
4646
404
7575
1576
2004
4725
9225
4669
5100
3352
7098
6442
4280
1903
4692
2205
2886
2568
9855
7323
8208
4715
2688
271
634
7779
3033
4753
4738
8007
2827
6777
7820
4111
2370
4761
6923
8817
2700
8130
2353
444
4784
9144
5973
3462
2469
7766
2586
4807
8764
372
8890
3422
3662
4971
4830
1121
1885
8140
4283
2521
506
4853
8543
7501
5730
9857
6041
3526
4876
5150
3807
1266
4593
437
4946
4899
560
1367
9252
4414
5992
444
4922
1668
4116
8141
2904
6616
345
4945
3731
5510
3117
9212
5517
1945
4968
4318
9437
3821
8278
2257
1530
4991
1273
6805
4667
1549
420
6344
5014
8847
5945
3033
8749
9487
6514
5037
7158
6329
3330
2021
6063
6773
5060
3526
7038
2646
8854
4818
9963
5083
8125
5307
139
688
6891
2056
5106
1648
9635
4132
3111
7519
9111
5129
3134
720
8967
1542
3620
5090
5152
3517
8490
6760
7973
2139
2972
5175
7867
8595
131
1341
747
8936
5198
2573
9910
9355
1045
3422
8672
5221
6122
3650
6321
6737
5866
6837
5244
1673
301
8726
4837
3676
383
5267
692
4897
5501
6405
8691
719
5290
401
9848
2752
1453
2840
8206
5313
3859
434
1441
3279
8528
3414
5336
7961
5110
8203
1568
5018
3024
5359
3982
4849
3518
7275
9448
2966
5382
8343
7501
2959
9261
3068
8384
5405
3903
9116
3164
2786
3500
6378
5428
3613
2361
3116
808
2283
4579
5451
1055
1376
7079
6476
8466
8839
5474
7803
8891
423
8844
702
1029
5497
6375
8749
802
2972
9564
9207
5520
1245
2777
4555
353
8940
957
5543
170
8200
6253
633
2931
54
5566
6414
4378
2759
7143
9988
1927
5589
9027
3132
7819
6633
6223
4461
5612
7314
2322
886
878
9888
4374
5635
1123
8265
8427
3319
2241
1348
5658
6401
5776
2569
2175
4660
4370
5681
7711
6413
6401
7706
8567
9091
5704
1127
5716
6173
1528
7701
1141
5727
3929
5356
5562
6729
194
8753
5750
1590
3578
2739
5611
979
5982
5773
7525
1201
4636
682
8801
5834
5796
3753
406
4205
1675
5243
1871
5819
4606
377
1430
8299
9277
1707
5842
9153
3372
1937
4627
4292
2094
5865
7588
7273
2012
29
3383
1618
5888
6893
7841
3896
2643
7398
8496
5911
4985
452
2840
2427
1093
9460
5934
4354
30
5293
1258
9866
9582
5957
5112
9295
9410
950
1928
4184
5980
1934
7414
1038
5932
5733
7757
6003
2944
643
9633
8257
1213
9509
6026
8407
2864
1993
880
9962
4119
6049
9759
6063
7171
3885
4815
425
6072
7811
2142
5327
4418
7895
9645
6095
2636
5596
4783
617
1760
3587
6118
5371
1072
2983
7104
8186
6878
6141
997
953
5919
606
1055
7451
6164
9116
3606
2365
7235
1997
4336
6187
7340
4481
6574
3596
2310
1058
6210
9477
4331
489
9707
5225
709
6233
4242
33
8343
799
9163
806
6256
9084
7658
1118
6738
2379
2480
6279
4299
1241
233
2652
8635
2910
6302
4898
5559
5520
1424
2609
7802
6325
8294
9290
3811
2849
7199
111
6348
502
2997
1611
8805
9975
5507
6371
9334
8991
9490
717
7627
3771
6394
5381
9244
4461
1130
9560
8183
6417
2016
5508
2232
4414
3873
9995
6440
2828
200
6473
8150
91
9110
6463
1505
9449
5187
714
358
7064
6486
2441
1546
4939
8026
1144
5396
6509
9049
6165
522
1559
3557
190
6532
7573
3402
5024
4378
51
2171
6555
6300
3780
310
4251
4815
6191
6578
1988
7264
3258
767
3702
8213
6601
4119
2495
9238
1365
1072
2110
6624
4756
2727
2658
2152
7247
3562
6647
8783
8649
9958
7162
3329
4131
6670
9496
3195
5692
7280
2983
5382
6693
7300
209
9835
6982
7852
2619
6716
8845
231
4069
8998
5777
9909
6739
6572
7913
333
7819
5765
469
6762
7780
936
2790
4144
6685
6780
6785
5387
1443
8504
2552
6375
7312
6808
5504
738
6658
9729
184
5883
6831
6440
7310
6073
203
1592
5963
6854
2122
2184
3103
3945
284
8241
6877
9020
5568
9407
6036
106
224
6900
6007
7333
4596
2745
2205
2940
6923
4827
8845
4652
5646
9399
5242
6946
7274
4725
6635
9026
8314
8025
6969
977
6236
2544
4168
7349
4424
6992
4182
9399
9423
8212
9595
4474
7015
173
5361
3070
6690
2880
7105
7038
1615
6793
4718
3061
3738
404
7061
9091
8478
1145
1312
868
5827
7084
79
504
9904
3795
2790
38
7107
5605
4987
365
1095
2619
37
7130
9174
8133
1349
3466
87
4933
7153
9861
8635
8610
1403
7216
9440
7176
1964
6490
609
8111
8432
3414
7199
9535
5225
59
7185
5202
523
7222
4432
391
1638
5041
1501
9468
7245
1526
1900
1765
2127
3933
6632
7268
6455
3330
1692
7166
712
1790
7291
1104
90
5011
2943
2436
6470
7314
1937
2789
8951
116
63
7185
7337
4634
6052
5513
8567
2525
8518
7360
7036
2045
8012
825
5201
1585
7383
6212
8278
8529
340
358
4154
7406
5246
9355
96
3487
5656
3364
7429
2490
6769
9479
8285
2930
7821
7452
915
4405
4997
9920
2148
5894
7475
9625
3888
3818
6783
5550
4033
7498
1477
6159
5652
2979
1826
4701
7521
2436
2919
3720
8347
1706
294
7544
575
5222
9514
3408
6662
565
7567
8950
9990
8894
9161
6168
4156
7590
6770
6658
5584
9372
6876
2739
7613
8853
3398
8966
2256
981
1829
7636
988
220
8047
4359
7896
8340
7659
7358
5596
1923
5635
9175
4780
7682
5636
1744
7770
7187
9771
2188
7705
7512
2854
1992
2965
1212
352
7728
7605
3153
54
779
6608
1335
7751
3360
9381
4187
5985
1112
5050
7774
6243
6929
1732
3977
2959
5339
7797
8158
4274
9069
6294
9033
4520
7820
2339
2959
5917
7098
2131
5666
7843
7870
6838
719
2742
2749
9906
7866
2477
7388
1504
9366
6164
2617
7889
2017
2185
8677
461
2438
9493
7912
6490
5392
2265
9288
2940
9282
7935
4287
5310
9584
208
4195
4485
7958
546
5727
5165
5212
2438
1984
7981
1846
1198
4044
8205
7854
9000
8004
4030
2344
9440
9195
1623
8812
8027
9129
6201
598
3626
7167
6176
8050
2119
6312
5918
2460
5921
4753
8073
4610
8226
5014
6230
7033
420
8096
3657
701
109
4532
9615
1129
8119
657
5674
1805
1416
1098
3260
8142
264
1115
6473
6304
304
1697
8165
5129
4117
2405
6815
1174
8879
8188
6338
3143
6416
1647
4050
4166
8211
7708
7270
3740
1052
3259
6513
8234
1044
2018
768
9546
9845
4483
8257
1574
8024
7216
957
34
2483
8280
1036
48
4476
6532
3284
9982
8303
1457
2428
8623
7915
3471
2240
8326
1246
7225
2808
8007
2347
8954
8349
4678
1220
1661
4711
4232
1634
8372
5109
1827
8233
8352
3346
6610
8395
4298
644
5389
4042
2217
3168
8418
2862
1514
2666
6654
51
304
8441
7937
283
8924
336
2609
5919
8464
8767
6345
842
4201
9697
2021
8487
8210
1177
7756
6517
2607
3243
8510
2265
9944
2263
1450
1962
4622
8533
7050
3614
9913
162
752
3312
8556
994
6795
3541
2409
1598
82
8579
3193
9014
327
4415
1992
6491
8602
1103
6700
138
5784
4193
6477
8625
428
7001
6655
2204
2093
36
8648
330
7341
587
6204
1732
5140
8671
6741
8285
5268
5865
791
6747
8694
831
6984
1706
8076
3706
9040
8717
518
6333
7219
5196
8251
8025
8740
6227
9607
3438
651
6887
3057
8763
7918
1108
4883
3868
2862
2099
8786
6632
2980
9246
5272
287
4909
8809
2290
4190
2995
2945
7583
6955
8832
4070
1264
7782
691
2248
8993
8855
8859
250
2761
2011
8818
2182
8878
4813
2921
9110
4878
9834
9278
8901
5011
215
4900
2843
3230
505
8924
6472
2429
1005
4830
6597
5107
8947
6821
6571
2044
6277
7495
6863
8970
1510
166
4708
7772
8816
9774
8993
8524
5846
43
5988
103
7030
9016
1501
5667
2978
1603
5024
5377
9039
2179
6003
1685
2744
587
3720
9062
7158
3397
9486
6396
1636
540
9085
7388
2466
4384
8592
4982
1914
9108
7912
6370
5687
2692
1104
2823
9131
3492
6533
4461
4067
9396
7671
9154
6719
6349
5395
8031
3718
6813
9177
683
1309
5462
827
406
4563
9200
6375
4041
3906
1782
1467
5995
9223
1147
2629
3331
7483
9248
4168
9246
2646
8383
6588
9984
2267
6541
9269
7196
8645
7122
3174
5764
3422
9292
6283
153
3286
142
5961
252
9315
1441
3577
2893
1918
8826
4334
9338
1436
522
2295
9710
627
7918
9361
4164
8537
744
3085
1326
1822
9384
4243
4611
1110
757
13
5667
9407
748
8830
8811
9440
2451
6057
9430
8159
4240
290
8496
8727
8035
9453
5837
3091
1445
4676
8752
5692
9476
9443
2098
8261
9096
4694
2013
9499
5344
7245
2925
3853
2692
171
9522
120
9870
4433
2843
748
8381
9545
9792
601
2504
923
3823
9301
9568
1717
739
8259
2015
603
4442
9591
8298
2465
2393
1066
1844
1806
9614
1785
170
4884
5506
3229
6199
9637
576
2209
7009
3613
5208
1916
9660
3078
5447
273
7613
8215
8284
9683
9814
3308
5521
4862
917
766
9706
4273
2513
6260
4539
9983
1016
9729
7242
2498
668
1686
2325
1045
9752
6472
8778
8654
4535
4578
9000
9775
3522
1730
6123
586
3643
3313
9798
1988
150
7903
7425
5187
9420
9821
3541
2088
9649
8883
2449
4884
9844
3762
1883
6480
2509
2069
5195
9867
6786
6190
3009
9825
1389
3991
9890
6164
9023
4805
223
740
766
9913
200
3084
6929
2655
5496
6407
9936
650
3354
1091
4893
5737
1982
9959
7408
6196
4582
1440
262
3230
9982
738
1192
3269
9964
4901
4264
10005
7384
2302
3687
5395
1335
9590
10028
2079
3360
3277
1565
490
2336
10051
753
6506
5550
4667
230
7907
10074
7544
6435
5592
8269
2616
9501
10097
4724
6291
4066
1841
4024
5675
10120
2223
1883
3068
8896
1294
4054
10143
8530
8529
3340
8558
1242
534
10166
6363
9615
4743
8561
2453
9628
10189
9191
4524
186
1703
503
8200
10212
3990
516
5304
6492
1680
510
10235
521
304
9458
3047
8901
1343
10258
2807
6711
3379
9645
2771
1457
10281
6455
8995
1587
8415
4089
294
10304
1405
964
2316
3949
38
5847
10327
1333
7837
1521
8480
1208
6181
10350
7434
8851
8610
7900
3829
8325
10373
9923
2098
4795
801
8065
2098
10396
8299
2465
2148
6433
8754
6944
10419
3676
9741
6056
108
7748
8195
10442
5058
2584
8785
4284
8044
8637
10465
657
6519
4536
1434
7705
2947
10488
1536
9411
3886
7900
4137
2234
10511
1698
3222
8490
2520
8716
1534
10534
6273
1806
2437
9211
8667
5929
10557
8225
2180
1384
9744
1623
1279
10580
7199
1144
9371
539
5624
718
10603
3101
718
2277
725
8727
8600
10626
2681
6403
1163
3936
6933
585
10649
3652
7349
7248
6535
14
7440
10672
339
5905
1937
2158
3569
8870
10695
1981
3333
1437
2460
7100
247
10718
1337
4608
8531
6647
3103
2578
10741
3917
9107
3052
9442
6129
5125
10764
5211
3858
5723
1388
4637
2615
10787
6303
4176
5192
604
7179
9573
10810
99
3309
5396
6047
5259
9099
10833
635
5813
6491
5144
822
176
10856
521
7890
6619
569
224
1743
10879
9197
4844
2155
3115
9072
2773
10902
4051
5206
7069
8876
3422
5376
10925
784
3324
8737
1207
9595
6258
10948
3058
5896
6
5865
4782
4963
10971
6005
3027
2874
6275
8433
1170
10994
1333
2523
8595
8777
6264
2971
11017
1065
9042
6258
9341
3305
1348
11040
851
1104
4334
2959
7554
4178
11063
1372
6713
5303
6203
4291
1070
11086
6424
5467
4175
9466
9552
1867
11109
7123
1849
679
6057
7871
2043
11132
2222
6759
6880
4236
111
9443
11155
2889
7921
3173
8766
717
4533
11178
7657
5034
5604
3225
6689
4408
11201
477
2746
4651
1621
4163
3007
11224
9635
2804
202
6297
1104
678
11247
7886
5536
8474
2310
520
4995
11270
9635
10
1098
571
6357
1783
11293
1369
209
116
4471
4727
660
11316
1806
6541
2948
4142
812
4073
11339
8348
7208
2676
1498
70
8794
11362
5816
9916
473
2991
8182
1503
11385
2410
4297
3837
494
1000
8811
11408
9000
979
8557
4677
3424
565
11431
5608
5586
7476
7064
688
4214
11454
1312
7034
6343
7526
378
1036
11477
2495
500
1775
7314
8294
9660
11500
238
6763
1436
188
6210
8805
11523
1328
350
3860
7381
374
8494
11546
9188
4342
3375
8870
5293
5720
11569
7402
824
5167
366
3765
4460
11592
5527
6230
3252
6107
1946
9273
11615
9676
917
4566
7496
4047
2731
11638
8799
8143
3275
2562
6062
2647
11661
8024
5026
6416
5592
4609
2546
11684
6183
3294
6765
3046
7028
6701
11707
3444
8603
4273
9530
8750
5188
11730
3205
4985
9433
1550
8237
2581
11753
3949
8399
5248
3544
3881
9603
11776
896
8067
973
1136
6158
2693
11799
4338
271
9069
6690
2743
5137
11822
5092
657
2605
5636
7856
8121
11845
1651
160
5396
575
768
1285
11868
3360
2377
3716
4583
612
2416
11891
3201
3375
7631
4399
946
7185
11914
3295
5921
1900
2469
2311
344
11937
4411
401
3652
601
251
8951
11960
9326
1310
1842
9640
6530
8236
11983
2863
484
8130
842
6391
1979
12006
2050
564
6694
9610
1332
9893
12029
5295
4957
2805
8052
3606
8208
12052
2731
4035
3752
6141
9199
351
12075
4249
8304
3225
8788
8705
3908
12098
6631
7414
7272
2188
9614
7330
12121
221
9674
3843
609
8225
9178
12144
1193
7061
4859
9687
2077
2985
12167
860
2628
7824
1509
2449
7937
12190
4775
4385
8485
8571
2695
1932
12213
3163
3030
7350
3648
9294
7337
12236
8035
9969
700
65
2648
1985
12259
7449
5569
2516
4465
3731
8254
12282
5695
87
8970
5469
6182
1820
12305
4812
6323
4305
3277
9391
8465
12328
157
9474
2603
8106
6024
5620
12351
4727
4832
9777
5247
1900
3301
12374
9066
1976
2962
9108
8509
4739
12397
532
2543
8315
750
7248
1579
12420
53
9149
9294
507
3787
6046
12443
8829
4570
5516
8208
6211
3022
12466
0
9091
8211
7365
9716
8966
12489
8862
5949
1838
9208
9702
8988
12512
8543
2510
3959
2433
8606
8936
12535
4654
7503
9918
1839
2644
536
12558
739
1473
1129
3189
8647
372
12581
603
711
1168
929
1591
2477
12604
5419
6405
4756
370
9289
5880
12627
2263
6283
6449
4141
5329
1688
12650
3321
500
8195
2597
7331
3998
12673
416
1919
244
4582
8249
7588
12696
9937
3271
6363
722
3931
2880
12719
6044
7597
9110
1627
5560
8252
12742
7429
7310
9845
258
6810
6806
12765
4880
8446
5332
1438
918
7590
12788
1436
195
4444
7931
1498
772
12811
7339
9372
2790
9831
6194
5507
12834
4593
5889
1722
127
3483
1099
12857
2356
7363
2928
1612
5447
9231
12880
3489
1835
3116
9419
1287
5533
12903
7268
2483
3364
2649
3847
7493
12926
8889
2070
2977
524
8168
6355
12949
2356
8617
4440
656
3894
1516
12972
6609
9792
4724
5753
1740
8018
12995
289
8240
8387
9267
5206
6863
13018
6396
2245
5416
2820
7903
424
13041
2765
10
1584
3081
965
3064
13064
2392
2690
2432
2767
7110
3805
13087
8933
2905
7357
8186
9040
4758
13110
643
8241
2989
2024
6420
9080
13133
2669
5478
3133
1010
8178
1866
13156
5653
2705
1506
4076
7698
9187
13179
9323
1542
2089
2204
4805
4578
13202
1553
6956
8777
1564
1650
4390
13225
365
2264
6306
6885
7853
3285
13248
3877
9917
8231
7894
2172
9219
13271
3705
9104
2097
688
1168
9341
13294
6455
5766
7337
3385
1459
6562
13317
7067
7652
3102
1403
8708
4377
13340
2292
7287
9337
8242
1393
9323
13363
7548
7482
5327
5654
3982
5464
13386
3150
981
7983
2565
9106
2928
13409
7583
4900
2743
5033
8674
5689
13432
512
4647
1492
8881
179
28
13455
7956
9465
7313
7434
3225
8965
13478
9508
5682
2426
5756
1996
5716
13501
8058
72
7534
3338
9046
9831
13524
9252
492
4547
2980
589
7011
13547
1746
7421
1398
4016
6011
5238
13570
1445
934
593
6406
6457
5663
13593
2822
1833
8523
8392
5772
3462
13616
3467
1910
127
4472
8588
286
13639
2182
8282
669
1523
2430
1113
13662
2033
9957
1826
6121
5403
9040
13685
8340
3255
2318
5885
2569
4192
13708
4520
4576
4911
8009
7097
9368
13731
8585
6383
7204
3063
2525
3984
13754
1642
7626
1326
5280
6167
4937
13777
8144
8482
2507
9083
5410
6790
13800
2418
2271
2980
4909
1456
2115
13823
6313
4777
2192
8410
3824
4408
13846
4233
8756
4383
2337
4722
1159
13869
8945
8485
3900
5977
5616
8722
13892
2794
2782
689
8903
4512
7293
13915
149
9496
2976
146
7029
35
13938
2068
6683
2110
5799
6402
7148
13961
850
4889
3716
7241
4429
1866
13984
5845
3308
8708
2827
8283
6449
14007
3235
3665
2371
9961
1275
4261
14030
326
5745
2108
8483
4565
7507
14053
9767
5620
9451
615
2262
4681
14076
4796
971
7732
5817
4385
7519
14099
2696
2620
2205
9145
7298
3755
14122
5113
3021
8637
204
8225
1545
14145
3533
670
3013
804
2232
7204
14168
189
3627
2236
6190
1690
7433
14191
2312
2991
2326
8414
3100
6768
14214
2851
9430
9797
6058
8850
288
14237
3785
6186
3577
4399
1002
5966
14260
5967
665
5626
5500
5775
6718
14283
8810
3955
2663
9341
4289
7551
14306
3365
3882
1956
8135
1652
9770
14329
5106
2481
1641
3706
6874
8774
14352
1031
8338
4737
2302
1861
9402
14375
3721
8872
3382
7482
450
4412
14398
5395
1980
9300
4228
3600
2940
14421
418
2310
4183
827
4823
371
14444
1858
3421
6971
7007
9119
3386
14467
3843
7759
9254
5267
593
6426
14490
277
972
8897
2549
4890
5553
14513
5603
7220
8910
9080
1097
881
14536
96
3648
8456
7435
360
7311
14559
7988
6984
8575
1670
1488
8318
14582
1334
3933
1396
1691
2468
277
14605
5115
3279
4216
2639
3382
894
14628
3555
1615
2606
2172
3851
2432
14651
7311
9859
6100
2491
803
4518
14674
1096
6660
2320
2469
1108
1841
14697
2204
3088
670
2737
3284
1206
14720
3988
525
6079
7214
8715
552
14743
2712
8422
6451
5132
9810
7964
14766
7608
5399
2388
864
4615
3946
14789
2020
5285
8742
6183
1403
4447
14812
3280
3613
2643
9727
4705
9127
14835
2395
4910
6611
3573
2091
3176
14858
6902
5172
9597
2994
3612
362
14881
2660
9226
7181
8264
7698
9552
14904
8733
5401
966
8349
4527
7626
14927
1641
461
40
1219
9209
8630
14950
1083
1026
5778
2893
1470
2117
14973
1963
8005
6820
6518
8090
1772
14996
3432
1228
6118
4
7086
9862
15019
667
3539
2507
6286
6427
8803
15042
9283
1421
7776
5602
9817
9117
15065
1796
6646
1883
4916
4875
2795
15088
8121
2697
2733
7323
528
5390
15111
7004
646
1888
2759
9719
3154
15134
6080
1177
1781
7185
7214
6161
15157
5785
1249
8541
5629
1987
2608
15180
7761
9029
4785
8144
5502
5594
15203
6289
119
1866
2069
2192
2355
15226
2019
7604
7220
1328
5679
1025
15249
1498
2346
9163
4424
9225
8079
15272
7481
9532
8076
2645
7720
6339
15295
1888
9829
9073
2545
2117
4201
15318
9576
7610
970
3043
8299
1229
15341
7428
2594
2978
9510
1857
597
15364
612
7227
8090
1500
836
4736
15387
391
2731
8702
1452
7520
6310
15410
2696
5881
6328
1990
166
8573
15433
5793
7889
4356
8898
4894
6616
15456
2440
1733
5568
2104
8899
1939
15479
1841
1743
3043
6183
8639
2876
15502
6309
2547
3972
9069
1270
2347
15525
5417
982
9781
2666
9217
3833
15548
3415
4103
2989
6518
6604
7253
15571
3783
8398
9800
1837
3615
9171
15594
6331
3751
8380
8424
3013
2213
15617
8940
3224
6994
1418
1909
4455
15640
2776
7293
8414
9540
7584
9935
15663
9070
6342
7267
3097
903
6905
15686
9431
433
8792
6410
3940
8517
15709
7089
7255
1086
7825
3763
4748
15732
9910
8376
8170
1134
874
6289
15755
2951
3867
5030
6612
1286
1959
15778
1109
5274
5367
7814
7227
3769
15801
62
9390
5074
2145
271
4389
15824
7845
6807
9678
8646
4748
2333
15847
1104
1932
5831
4381
5046
9921
15870
5208
5349
6762
2684
6970
3337
15893
326
5801
7664
4677
9714
5922
15916
9059
9530
4782
5353
7680
8633
15939
823
39
8532
9020
6693
1139
15962
4383
7574
9704
181
2843
475
15985
2593
2196
3905
4891
1908
7324
16008
2840
367
232
8075
9223
2422
16031
1346
4963
5149
4910
454
599
16054
1990
3834
7193
8978
4087
8310
16077
6700
2961
4227
7856
1586
2291
16100
2494
2092
4785
1614
9943
4093
16123
7281
8914
2131
2415
6167
4988
16146
8552
747
4993
4461
9687
2258
16169
8127
873
6831
6372
8002
6024
16192
7992
8024
5613
5054
2624
7438
16215
8828
4324
1239
1540
9197
1864
16238
5889
6753
6328
2767
8856
8852
16261
3591
18
5994
5624
9032
9215
16284
7940
9408
2060
3099
7451
903
16307
3241
3219
8064
6605
231
2330
16330
2268
6798
2150
8523
8792
9979
16353
4654
3795
4577
4087
7283
8770
16376
5134
618
5133
74
9361
9484
16399
5729
2404
652
5272
1748
8601
16422
5019
7380
853
4918
3191
4861
16445
454
2054
2557
425
9940
3817
16468
4412
497
8405
6607
3617
1818
16491
9852
7345
9633
5869
1772
1862
16514
5156
5195
6970
9219
2360
3118
16537
4212
5358
1569
3558
7388
5474
16560
2200
8361
1282
3046
9521
61
16583
6225
1133
7718
9843
1817
4712
16606
1654
6452
5323
470
5178
3319
16629
7603
5537
4798
8885
5975
198
16652
9943
2409
2428
3037
2991
7267
16675
3979
4273
289
442
554
5075
16698
7648
2318
7152
217
8803
4696
16721
557
6805
6874
320
9776
153
16744
9822
1332
8107
673
8870
1204
16767
3624
4713
6551
544
4333
647
16790
8773
2953
1153
4505
3357
6964
16813
9381
2344
8530
7103
6016
6380
16836
2297
5014
7434
4676
9430
6364
16859
9829
6686
2454
2937
6647
3903
16882
2688
4465
2123
6092
8971
3615
16905
7789
643
7334
4469
8734
6347
16928
6323
5893
2710
8548
2039
4562
16951
1009
4626
8267
7438
6175
6728
16974
8072
5266
7538
470
4322
9228
16997
4804
5782
7629
7519
9246
7973
17020
6650
9228
20
3738
8328
1571
17043
9585
9488
3620
4298
5179
9343
17066
9956
6971
4361
6649
4377
441
17089
7696
248
271
3497
9000
4015
17112
8695
9368
4078
7614
7420
9909
17135
9955
2265
4857
8397
3382
8319
17158
143
2664
1846
4351
4520
2980
17181
4329
3437
1576
3713
2022
1795
17204
3758
2337
9168
273
9546
715
17227
8895
9003
7682
5786
8804
5056
17250
6793
7364
1838
9922
2602
5995
17273
4528
9725
93
4686
2805
1392
17296
3915
6605
9183
7502
445
72
17319
3326
7714
2028
8271
7410
3972
17342
124
83
6859
8733
2731
6483
17365
5331
660
4570
5906
6158
485
17388
1069
6803
5731
4094
1982
974
17411
1612
1069
3959
7645
3936
4521
17434
8640
8211
1473
503
445
7240
17457
6307
7663
6088
7604
5603
2410
17480
5908
2757
6376
1145
430
256
17503
9740
6957
3555
5711
4234
8923
17526
5258
7386
3416
6072
2731
4279
17549
2400
4975
9263
3044
8479
5208
17572
5280
9218
2760
5903
2636
2238
17595
808
7363
5150
2695
1177
866
17618
5533
8549
2758
546
7161
4458
17641
352
9941
9642
447
1315
7567
17664
91
5297
9491
7038
8057
2579
17687
5272
6767
1598
4434
4539
3923
17710
1461
3340
1638
1669
9450
9418
17733
8823
2200
2637
1723
7241
8687
17756
9756
7121
7658
9895
131
2970
17779
2010
7505
4931
2717
616
4194
17802
5731
7722
5755
1524
1015
2510
17825
238
1659
1494
2220
9904
5058
17848
9287
6783
618
4145
8130
5932
17871
8324
8162
9292
2944
6683
868
17894
4975
5826
600
502
7808
9791
17917
8098
6567
4044
1514
1412
5760
17940
2577
1381
2789
2980
1259
7136
17963
8414
9064
3504
8339
7835
4647
17986
256
8016
8945
9044
3211
8844
18009
1760
5072
203
9930
414
1899
18032
7989
2247
585
3508
9727
8576
18055
9680
9864
6072
330
3459
3550
18078
466
1093
5815
2109
7451
8368
18101
5283
7533
4644
5259
8548
616
18124
165
8076
1598
3153
7825
7769
18147
3271
7540
809
3464
6138
4126
18170
9958
7412
1236
2136
6665
7862
18193
4271
574
117
8319
8684
6082
18216
6205
8571
5702
6307
8945
9534
18239
5881
6484
5987
4914
773
5669
18262
6578
1090
6209
3332
1416
5420
18285
6712
2100
3450
9775
2229
2733
18308
2100
2614
1697
1061
107
4459
18331
299
9349
1504
2294
1050
2427
18354
4163
2154
4120
6874
8112
4067
18377
4276
9651
7238
1835
1186
6747
18400
5967
1091
8727
7481
9807
4306
18423
3434
661
97
3772
4189
9378
18446
4500
7321
6452
898
4662
4966
18469
9662
3616
1150
8616
2708
6268
18492
6254
7516
6940
3708
2220
7253
18515
1663
5329
11
518
4156
1528
18538
5920
318
9919
9876
4794
7700
18561
9476
8357
9027
4852
2966
696
18584
486
6874
7204
3386
5925
1222
18607
2224
4932
3111
8728
2756
6836
18630
3802
305
867
7412
0
2618
18653
4545
3430
4820
9230
1245
8480
18676
7275
8841
7695
3139
7389
573
18699
6253
449
9766
9614
9002
1297
18722
3115
4943
428
4058
6606
2234
18745
3124
274
7528
9437
4245
91
18768
740
6981
6712
833
1655
1915
18791
1678
8052
522
5470
224
9142
18814
1435
1660
5668
7808
5302
8624
18837
2588
3784
5368
3123
5573
2920
18860
410
6109
3918
9308
1328
9391
18883
8380
8145
9307
8982
1772
384
18906
947
1600
9468
6229
5848
8680
18929
1048
4092
7301
3036
5702
3951
18952
2671
6258
7241
6586
6735
2417
18975
3593
9278
7368
7226
6108
1872
18998
3000
3931
6348
5580
900
3904
19021
7688
5562
9537
1132
6021
8557
19044
1816
2654
277
9425
8707
7876
19067
129
9739
8694
9380
8204
1459
19090
1295
1380
4981
9754
5104
7105
19113
1847
6205
6496
7096
8184
1906
19136
2837
1047
528
493
3272
4949
19159
5472
1291
8830
2935
7314
6885
19182
4202
5562
2840
1446
2405
5036
19205
6314
4789
9340
9407
2772
4863
19228
427
316
6121
2369
5255
3034
19251
5037
7493
8833
5848
1212
5492
19274
6866
8008
1991
5453
1820
997
19297
935
3911
8471
8492
1479
2612
19320
9418
4926
8109
5672
570
5084
19343
7642
7727
969
5459
8823
2076
19366
4400
7875
1312
5781
4384
3258
19389
3781
3121
1580
8588
966
8979
19412
772
690
132
520
4141
7871
19435
7990
8865
5906
1003
3449
8791
19458
6438
3121
7307
6057
5635
5726
19481
2251
738
940
7736
5376
5835
19504
6761
4139
7932
6135
3133
9279
19527
8867
9891
5103
9134
4672
3562
19550
5526
5173
3088
6554
1870
4842
19573
6888
542
7166
8700
6871
1140
19596
2044
3320
660
7016
9187
6164
19619
4413
1855
9770
8498
8768
867
19642
1944
5703
3321
6984
8410
1162
19665
6172
3137
1016
6978
5207
6392
19688
1085
926
473
4614
149
8480
19711
2283
1582
2035
6171
3377
5078
19734
1910
2380
9926
5802
9259
6688
19757
9252
7382
5279
5457
9775
1500
19780
4367
8961
9156
875
7782
224
19803
7441
8019
2134
2806
4475
9579
19826
6399
7649
697
865
6057
2162
19849
7852
705
467
9276
7406
606
19872
935
3317
218
9085
3821
3484
19895
882
6712
2669
3905
4318
6122
19918
5381
3719
5225
2943
1658
2383
19941
7758
2109
9021
9355
709
1230
19964
941
8228
2976
1426
2752
1417
19987
8451
4449
3876
5543
8960
3796
20010
1541
9302
3373
3722
5059
3182
20033
9667
2007
691
4841
5937
6073
20056
4353
8136
1859
3948
6628
50
20079
5537
8062
5864
4497
331
4777
20102
5327
1765
5811
5493
1526
7004
20125
5381
5353
1231
3313
4502
6265
20148
4502
5118
6427
5555
5095
9514
20171
9445
1625
2256
5473
8563
6553
20194
6424
414
8003
5522
8709
4843
20217
1438
7258
1142
8880
2660
8203
20240
4672
2268
2720
2031
9842
5685
20263
2294
1416
9201
6378
1883
1991
20286
4178
6007
4047
7648
2331
6218
20309
8911
2451
4774
6724
6144
6963
20332
7677
4721
1462
4327
5875
535
20355
9471
8956
1621
7777
7786
853
20378
9314
8262
9441
325
4524
6497
20401
6349
4015
2113
9785
5333
3124
20424
450
8273
1129
4760
2109
5070
20447
4592
1982
7568
1926
940
140
20470
3607
2582
7834
6950
7434
8222
20493
5849
1866
3459
9700
7652
6903
20516
2197
83
5166
3331
737
1723
20539
3438
7072
5263
9580
3303
72
20562
2056
5074
9740
1299
5826
9525
20585
6196
8287
9467
6578
3484
7414
20608
27
2633
602
3545
8200
542
20631
1762
8854
8928
4407
6475
905
20654
5856
320
7459
8799
9847
1213
20677
4958
5765
7313
3752
7385
4454
20700
4210
2624
7358
6258
9818
4748
20723
1837
253
1010
8899
5913
9543
20746
6549
2397
6202
4098
1700
9941
20769
9671
6754
5927
1252
1459
693
20792
8705
9765
4314
229
9723
678
20815
3700
8965
4705
571
4456
5677
20838
5315
900
6351
1298
1700
3534
20861
616
2233
6833
6872
8851
826
20884
9422
5694
5301
2995
2479
1594
20907
3820
675
4635
1736
5445
1271
20930
1540
4811
3015
6474
3926
1627
20953
3194
623
6486
5774
7028
8413
20976
9235
9170
3672
9218
2581
7970
20999
1385
3299
4123
3202
2928
1380
21022
2614
8764
7421
3558
2030
8654
21045
5314
3359
916
2761
3266
493
21068
1291
6704
2132
4087
6803
2683
21091
439
5789
4608
1320
3855
2021
21114
5093
765
6555
6784
6981
8630
21137
7298
9921
9067
8432
3029
8033
21160
8842
6090
6944
4547
168
411
21183
2546
7457
6118
9740
6158
7595
21206
6875
8720
7694
4034
7733
2411
21229
814
2324
3960
7957
502
4843
21252
8130
9356
7822
733
7774
2165
21275
6261
8921
4205
2024
3682
4709
21298
4256
4272
6300
796
6330
6215
21321
5666
1126
5278
4300
668
8920
21344
8139
5317
5615
3775
2587
9413
21367
559
8343
5010
4264
2096
8480
21390
7811
3836
5384
3919
1252
603
21413
6018
9553
7410
8057
1852
8071
21436
799
9443
5130
2493
176
2317
21459
1371
2491
3328
2439
5447
9810
21482
5033
4065
5894
7527
4032
1766
21505
1393
2309
3462
996
1641
1315
21528
5674
1107
7043
4456
7066
335
21551
9800
1045
1812
789
6452
2404
21574
6146
550
2451
9064
2294
7191
21597
8919
3870
7951
480
9450
4810
21620
8115
1362
7677
3248
7487
3890
21643
1342
2042
1807
6929
3850
6121
21666
5059
6987
739
2018
670
6420
21689
3013
125
465
361
3600
345
21712
1881
5945
9510
7384
2548
4476
21735
3271
8102
7339
873
2941
960
21758
2407
7509
2325
9257
4957
9214
21781
8765
4979
6129
1552
4317
8169
21804
9529
2131
376
5521
7361
5949
21827
7245
8612
6099
1722
9984
6800
21850
8564
6372
9849
3011
540
7628
21873
1867
766
429
5411
7809
9839
21896
5963
8427
4479
4336
8921
2205
21919
4311
8024
3801
4750
1103
5537
21942
576
2193
5366
6800
2130
7375
21965
652
1265
5947
1893
6888
6148
21988
5713
5143
4382
1692
1539
3674
22011
3956
1457
898
5998
6565
3225
22034
2205
2273
8890
7223
8917
76
22057
1464
6046
5397
6251
9489
5518
22080
9716
991
9265
7496
1552
2821
22103
8348
8383
7095
1985
1167
420
22126
3612
2654
1709
7510
3541
1180
22149
6512
6161
7380
6089
6858
922
22172
304
1289
7690
9973
3716
9244
22195
961
2571
2966
5642
2419
646
22218
4860
246
4268
8401
2639
4736
22241
3667
6260
5931
6986
637
8485
22264
7973
4322
7281
3674
192
9140
22287
1761
8599
9630
1070
1163
2506
22310
3294
9945
2363
4865
2955
8415
22333
2786
534
7313
1459
4208
2429
22356
1565
1697
4267
6065
6816
998
22379
4428
2670
1351
4238
7340
4632
22402
6054
5692
9989
4263
1680
2765
22425
7058
2991
803
7210
1548
1167
22448
36
6739
7180
3785
968
4730
22471
3130
1694
8300
5208
1116
7739
22494
5827
2613
2611
5450
6386
1396
22517
8825
9314
7580
5341
7309
5817
22540
1912
612
9357
1756
7067
3531
22563
1165
85
3965
4881
964
405
22586
6881
691
1610
5721
6026
6758
22609
529
820
5639
8163
3128
1747
22632
7360
7723
8045
9936
2410
2578
22655
6799
9173
1939
5984
7039
2377
22678
403
9518
8858
7609
2653
3638
22701
4038
170
9024
975
4
333
22724
5405
969
7898
5411
2180
4878
22747
9966
2342
8802
6134
8667
7194
22770
4001
3748
6346
9892
1022
9760
22793
7206
9428
8764
6213
4386
9255
22816
4397
9907
200
7801
8584
5762
22839
6459
5234
1620
9280
9707
1529
22862
8000
491
8619
3928
1762
7635
22885
4751
6053
9450
2121
56
3847
22908
2732
4897
4405
1129
6048
9880
22931
9998
6906
1112
368
1125
8717
22954
4252
5955
127
8409
966
877
22977
5894
5896
1476
3297
8601
9654
23000
2509
1187
2070
3727
4318
2226
23023
7138
5702
2453
9810
2998
1353
23046
3211
9010
4543
910
5171
9651
23069
5955
1150
6160
3117
1619
1578
23092
639
2625
2242
9931
5301
4527
23115
1508
5640
819
7393
4332
2038
23138
6634
5226
737
-241
-2163
3514
-1
2486
1820
5791
1569
3583
2298
-14
186
7283
-912
4494
-251
5814
-27
-841
50
-1869
97
1605
3643
-40
-86
3820
-911
559
5291
-2439
-53
-2136
5550
0
-479
43
1197
-66
5848
2935
4160
4968
-1429
6995
-79
3469
1863
2380
0
464
1048
-92
-362
2441
-1576
6990
-691
6632
-105
-205
6386
2046
-2056
3286
2534
-118
6343
733
4425
3199
2569
-727
-131
4051
0
3308
2890
5598
-1994
-144
6190
1412
1046
-64
15
-882
-157
-1531
4680
3955
7121
6417
-1073
-170
2009
1868
117
-187
-2180
2270
-183
-1035
1273
-1227
5937
0
341
-196
-558
1377
-1214
-23
4091
-664
-209
3663
3592
1304
-368
921
4360
-222
7195
5862
970
6317
3034
4850
-235
-121
1343
7335
2346
851
3515
-248
1469
-965
-2045
0
2867
-47
-261
4155
2770
2323
2958
-1503
-1623
-274
2259
-2113
2207
0
605
-278
-287
3132
3389
2715
1213
854
5446
-300
3165
0
3009
7318
-2202
-172
-313
3487
3615
50
7028
4981
82
-326
1925
3599
-915
302
-1297
7434
-339
-1779
3952
-1182
-1599
-1188
2436
-352
-1971
-774
2317
-185
-1257
6720
-365
0
-216
1383
309
2141
-1590
-378
6190
1085
0
347
-205
-356
-391
6817
6976
1734
2167
2502
5343
-404
444
2710
986
-578
35
630
-417
1210
6706
5971
5225
2348
2418
-430
3984
-1956
1663
4808
0
1451
-443
2598
2140
-2290
169
-2430
5877
-456
511
508
2552
-2049
-1830
1253
-469
-2361
5321
3325
974
2536
2073
-482
6996
6144
3674
-441
6602
65
-495
444
3111
3830
6553
-115
0
-508
1272
2433
1457
5783
2600
1061
-521
-2486
7206
1635
-39
-1512
-2207
-534
0
6282
-1634
5123
6570
5024
-547
7438
-2387
-987
-1410
-1270
1287
-560
6910
4667
4372
3145
6081
-1091
-573
-895
3386
7166
4960
1181
-448
-586
-1190
448
-969
-2055
3225
-1109
-599
6970
7130
1012
2090
-479
3139
-612
-298
6999
2533
2169
1455
6583
-625
0
0
335
-694
1641
6960
-638
6004
-577
757
372
-1480
2235
-651
-946
6938
2080
-2497
4366
5150
-664
-145
1266
309
-1501
2553
6957
-677
-1241
-1393
4621
-585
3225
6833
-690
3991
-1397
1220
5414
5740
-143
-703
345
-1917
6475
-162
5369
4976
-716
6120
516
0
-857
-2473
-14
-729
3913
2188
-1581
1575
-525
1210
-742
2286
-36
5592
7185
0
409
-755
1305
-2125
74
6156
5859
5786
-768
-967
1777
6092
5721
-2240
3614
-781
0
-985
4422
-113
3282
-1
-794
-118
2167
-586
6107
4798
2473
-807
2829
4676
4598
178
3276
4981
-820
291
-364
849
1688
5158
-445
-833
-1438
0
1228
-724
-2457
2278
-846
0
222
6619
2869
609
-483
-859
-2444
1967
-1281
872
-394
-979
-872
525
3896
-889
1407
-2273
0
-885
3798
3906
4684
2613
1168
-1008
-898
2018
4564
7411
0
5096
7326
-911
1297
5505
7062
-288
309
1002
-924
1612
-881
6782
1404
5763
2139
-937
-41
-2266
7294
2018
-2233
5118
-950
-1413
1546
1043
-895
-717
753
-963
-1137
3270
-2449
7069
-888
3829
-976
-1848
-1463
4504
1155
266
694
-989
3019
1534
4525
4553
2058
5915
-1002
-2127
-1748
-811
-2096
4612
-1254
-1015
-419
-1745
-1656
5630
0
5814
-1028
-660
2683
3230
-1905
-278
1970
-1041
7224
6841
2820
465
4504
-649
-1054
6509
1528
5291
-1539
-550
-199
-1067
6408
-1711
2218
430
48
1278
-1080
-2057
4347
-397
0
1645
6391
-1093
2084
0
5262
1348
3405
1803
-1106
2536
7357
3147
6376
-808
-1439
-1119
920
-1530
-50
2159
4067
0
-1132
3133
-27
-898
4360
-1353
-409
-1145
-1402
-2046
-467
1462
2365
-2094
-1158
7455
2179
3157
-1067
-1471
0
-1171
4850
5161
1209
3949
-1674
4330
-1184
5452
-1788
-2449
91
-2435
1271
-1197
17
2866
4210
-411
5794
-34
-1210
6101
3745
3616
4192
6770
6075
-1223
-1814
2485
1606
3357
-1253
6002
-1236
3298
6330
0
6109
2991
-2105
-1249
-58
-1327
401
5157
-1862
-855
-1262
6286
599
4718
2349
1276
7374
-1275
6019
-390
-603
3353
855
-1099
-1288
-921
-2357
-2424
3580
-1925
5520
-1301
-1631
544
-2356
2104
3839
2295
-1314
6781
3819
1517
6787
4277
1158
-1327
1072
845
-1545
778
280
6312
-1340
-318
3850
0
2152
1351
-1250
-1353
0
0
3219
5372
5986
-1654
-1366
6818
935
6539
-1107
7412
6087
-1379
1956
-1485
3846
4922
2679
5488
-1392
6323
6423
0
4940
3411
-1347
-1405
7191
0
7387
-2091
1574
3219
-1418
-2399
423
6986
5549
3831
6411
-1431
413
-983
1944
2459
3411
-1977
-1444
-247
5284
-2319
-2287
2046
0
-1457
6374
1851
3817
-1953
4408
1423
-1470
2102
1365
0
5826
7289
-283
-1483
-937
4329
-1461
5049
1118
-1463
-1496
1465
4518
0
5190
6788
-700
-1509
6407
1861
163
6192
7418
4812
-1522
2629
5241
5473
5533
915
2008
-1535
4908
2746
5463
55
4394
-834
-1548
-570
-104
6121
5563
469
-1081
-1561
-1808
2845
3450
1505
-1152
-2191
-1574
3837
4975
6698
1929
168
0
-1587
-2355
1801
6638
6111
-200
-2005
-1600
3210
4159
3593
1909
6221
0
-1613
6234
2616
2858
5400
-1086
2585
-1626
2375
6704
5457
935
-638
4742
-1639
397
4674
4581
-1929
-553
-1310
-1652
0
-320
0
4368
5154
2780
-1665
5636
5852
-672
6869
5725
5560
-1678
3209
4534
0
-2111
4414
5148
-1691
7291
3663
-555
2515
-2220
7111
-1704
0
2026
942
1896
5624
4747
-1717
460
5112
6695
7044
3041
4102
-1730
-1540
-594
0
7062
-1919
-2467
-1743
-2477
363
3308
455
-963
-2385
-1756
0
-2190
4560
-349
5015
4342
-1769
0
4091
6676
1176
-333
0
-1782
50
7378
3863
5306
497
3673
-1795
4105
0
0
247
436
-306
-1808
6315
-2295
-995
0
3517
-261
-1821
2502
-1848
4159
-72
3480
2216
-1834
6769
209
-1800
241
6130
-1813
-1847
-2049
2994
5975
0
4455
6500
-1860
-1158
378
3290
0
-14
2254
-1873
5885
7015
-1350
1421
261
1557
-1886
1032
-1403
498
3562
6450
7193
-1899
6851
0
2014
6832
923
1565
-1912
2480
5291
-2368
394
-2426
55
-1925
5179
6922
4429
69
5158
3581
-1938
4898
-1944
2378
6025
-1555
4398
-1951
-2315
-2145
6238
7411
3434
4009
-1964
-368
3627
6872
903
3043
691
-1977
-384
2188
-1032
4148
5268
5854
-1990
-2003
2475
-645
4277
5709
1733
-2003
-1320
5827
1948
0
2659
-1259
-2016
878
64
831
0
1222
-720
-2029
784
2980
-2442
693
5562
-688
-2042
5305
3452
2157
5685
6040
3383
-2055
-1766
-1536
5782
195
5641
3972
-2068
-797
1736
6295
-1064
-1034
-232
-2081
1224
5842
-44
5640
7158
1027
-2094
2907
-1491
509
3260
5465
-586
-2107
-1425
6143
-1532
-788
6087
6465
-2120
5279
-2185
7126
0
6356
-474
-2133
4134
39
-1211
6927
-1552
-964
-2146
-1618
5140
-2090
-1278
-1011
-257
-2159
6400
6786
3349
-1112
1790
5715
-2172
-1513
3093
7137
-59
2681
3224
-2185
879
-1169
6264
-126
5180
7068
-2198
3640
2034
3011
7018
2113
148
-2211
-272
6710
7011
2362
2823
-165
-2224
6056
2733
-1161
1265
1758
6855
-2237
-2050
-628
741
64
263
5264
-2250
5146
1814
-1364
-298
3057
1158
-2263
-413
1490
5346
-968
4748
589
-2276
3270
2343
-546
-725
2569
4137
-2289
-849
880
5735
3281
0
5052
-2302
2392
3324
1377
-1626
-823
7255
-2315
3150
6026
1250
5143
4741
-848
-2328
6248
6286
3150
0
5199
6148
-2341
3008
-1287
908
2960
5253
922
-2354
-796
5987
6043
-1230
6929
-2193
-2367
-2475
3486
1666
2295
444
6809
-2380
-1389
2147
6456
-1831
-1563
1286
-2393
1773
6003
-235
7201
-2112
312
-2406
4528
3864
5850
5526
4805
0
-2419
4230
1649
3312
4730
7126
-1609
-2432
-2341
-532
2386
-1056
5329
2167
-2445
-2269
1122
7013
-703
6346
4448
-2458
-695
59
-338
-2393
876
394
-2471
2389
-381
1004
2501
6510
-1349
-2484
4550
0
-1711
2424
1948
856
-2497
-1766
-439
-1071
1723
3966
679
-2510
-1440
3677
5420
0
0
5293
-2523
2173
3930
1589
1333
-2279
5060
-2536
847
6433
4603
1186
1238
3894
-2549
2977
1464
-665
0
0
596
-2562
-589
-121
1839
349
3551
6045
-2575
3063
450
6072
2995
-2148
-609
-2588
-743
4753
4864
-559
3551
5835
-2601
4209
815
532
-6
4697
1432
-2614
1082
-423
951
3847
-2228
6568
-2627
663
-1275
-2137
2989
-2090
7228
-2640
4886
7468
-495
1207
967
3623
-2653
-2239
1721
7243
153
-2157
0
-2666
6187
2583
5939
0
-425
-1578
-2679
-1113
-1610
0
1837
216
3459
-2692
261
3548
4431
-97
159
0
-2705
-218
585
6167
-2212
4203
-2143
-2718
3608
0
274
-276
530
-1844
-2731
3010
5539
7020
4576
2095
6170
-2744
-823
-404
7157
0
0
4439
-2757
2891
1199
5959
-1586
0
5907
-2770
3210
5562
7215
6915
6472
-1458
-2783
5681
102
-1085
-515
4663
6992
-2796
92
5850
-714
3822
4649
4161
-2809
2358
300
-88
-1921
7386
-1193
-2822
502
-1214
5845
131
673
6005
-2835
0
-1823
-414
-742
0
7088
-2848
633
-1636
3650
4118
5812
-1609
-2861
-2370
5821
4838
6038
4944
7010
-2874
7341
0
5136
6951
6787
-799
-2887
-747
-395
-1883
0
7318
99
-2900
4202
1437
-1586
-1017
-2353
-1243
-2913
3356
4875
6616
-1172
-1994
828
-2926
-1363
4253
976
0
6601
6026
-2939
6223
1722
-1518
-2043
-1239
-548
-2952
-600
572
2650
870
3490
3185
-2965
-1110
-1534
2656
4913
4953
-955
-2978
-630
2258
5039
-1574
6385
828
-2991
4294
6236
0
4424
7314
2852
-3004
144
6158
4957
-272
3963
5806
-3017
6266
0
2104
-595
5557
82
-3030
-2267
5999
-1290
4002
1824
-507
-3043
-1861
5158
3048
187
1388
-821
-3056
1352
3020
6326
478
3788
5922
-3069
1582
2161
-461
2662
2287
0
-3082
5489
3940
3956
5796
1724
-1100
-3095
-667
-837
5563
6837
5434
-1017
-3108
3610
4088
-2360
1801
4528
4924
-3121
1203
-2445
5848
-570
5671
-652
-3134
491
4330
7467
1529
1156
2230
-3147
2718
2763
5547
-234
4721
5944
-3160
1808
1557
6374
4510
-2417
1688
-3173
-345
6134
5886
2551
5516
6027
-3186
3863
2857
-1557
6418
0
1270
-3199
5846
5462
4785
-2386
3067
3329
-3212
5099
276
1780
6595
3739
4546
-3225
-287
721
1035
961
1994
3175
-3238
173
-2117
0
4617
0
652
-3251
3792
442
-975
-1340
-570
1045
-3264
-592
5142
2543
2003
3323
-471
-3277
595
7106
-712
-1710
4509
-1439
-3290
3255
4256
-829
-1102
7002
4259
-3303
1389
3413
2735
7125
3026
-2164
-3316
1333
6680
-1130
-90
289
-191
-3329
-1641
2983
-386
3420
5185
378
-3342
6400
0
4721
6320
-2364
7463
-3355
-1808
4419
2710
2022
572
774
-3368
6850
1177
4843
7488
-241
6500
-3381
707
-587
-1552
2781
5220
3804
-3394
7312
1638
6914
690
-1017
-2094
-3407
-126
88
1761
-508
2861
2515
-3420
927
6019
267
6344
3014
-2247
-3433
1452
3114
-138
-734
223
2311
-3446
3278
3585
6581
7281
1112
1022
-3459
0
-73
38
4643
-2023
5829
-3472
-2006
3592
3269
2630
-1000
-2096
-3485
-1346
1642
3969
4584
-1663
3204
-3498
-215
6049
4188
470
6944
5409
-3511
5726
5802
6634
-275
0
7062
-3524
-1796
593
1718
4189
2852
4030
-3537
1868
-122
7448
6040
1967
7059
-3550
4885
-480
-1425
-1210
-1719
0
-3563
5582
517
4098
-2286
3215
3866
-3576
6470
-1524
-2008
6769
-1731
6221
-3589
3175
4840
6152
0
-2191
-204
-3602
4191
7283
4009
5985
2300
-590
-3615
6652
4005
7054
3287
0
-1159
-3628
158
4375
-532
-1460
6595
2512
-3641
6639
5988
-2414
2963
7330
276
-3654
7042
0
6379
7201
963
-754
-3667
5218
1460
6628
1313
578
-829
-3680
984
2032
-1550
5080
2105
-181
-3693
3287
0
-805
4248
3728
-484
-3706
-1438
-1847
6226
1192
2471
3066
-3719
2088
3939
5699
280
1973
7167
-3732
-516
7464
2090
2842
6332
1292
-3745
-805
2052
-1714
761
3395
3823
-3758
188
2012
-286
1068
3554
3135
-3771
-127
-424
-349
-1706
4858
3842
-3784
-195
4647
5429
-571
4430
3681
-3797
6046
2687
7470
-381
0
0
-3810
-428
2883
4955
6886
3827
4021
-3823
5250
-1986
1927
5620
2436
6212
-3836
7279
5792
-1120
651
-1150
-1032
-3849
-758
0
3010
917
696
-451
-3862
1203
5527
2682
2708
2704
-1955
-3875
3407
0
-1449
-1526
1729
445
-3888
4416
0
-926
5030
-2066
2288
-3901
-1247
4307
2099
5013
5736
1314
-3914
-2047
7429
4663
2453
6116
-335
-3927
5674
-705
1746
4937
-509
271
-3940
289
5972
6587
44
2666
6480
-3953
7426
1710
-375
4193
-1653
5956
-3966
7468
4976
2369
-225
5055
7101
-3979
-397
3929
-1064
1876
3862
811
-3992
-1212
6976
4637
0
6004
72
-4005
4072
5738
0
-1535
6655
3456
-4018
636
2564
266
7097
2478
-1441
-4031
4301
7066
5542
1133
524
657
-4044
6679
7258
7078
-334
6732
-1399
-4057
2251
5798
-1989
-680
6322
-870
-4070
2087
5965
6927
2030
-2325
-2378
-4083
6795
-1677
-158
5568
3687
-1020
-4096
6503
903
5886
1063
7416
716
-4109
0
4874
4732
6433
5374
-47
-4122
6822
2517
-2249
3720
2807
0
-4135
1146
0
4238
2647
1582
4277
-4148
-2490
4546
2331
-724
6095
4432
-4161
-2097
4631
-907
-2322
-1901
5042
-4174
2974
2367
6723
3464
640
4073
-4187
2616
1188
-2143
4140
-1818
5298
-4200
2855
-1409
-2017
4959
3370
4244
-4213
370
4081
6252
-860
4253
5775
-4226
3636
2116
512
182
-1813
4719
-4239
2095
-841
395
-199
1759
3792
-4252
3643
-1816
3384
2211
7168
3255
-4265
-643
3572
4251
-312
7024
7062
-4278
-2327
75
1309
304
-341
-759
-4291
6198
3650
-2370
-1958
0
4455
-4304
7396
4329
-676
5539
4758
1110
-4317
7138
4231
5074
3692
6695
-427
-4330
-1226
4015
598
4236
-1944
-2487
-4343
4433
6915
78
2176
-2062
-1829
-4356
2789
0
0
-1390
-1360
-1392
-4369
-543
-779
-2322
3962
7277
5265
-4382
6666
2833
195
-1460
3691
6819
-4395
-255
502
-1538
-840
6496
4389
-4408
-1322
-1002
5796
-1785
1537
-2134
-4421
2661
2030
185
7471
0
891
-4434
-2373
7221
5669
4615
-1796
0
-4447
6115
2333
878
0
-2222
6131
-4460
-995
0
3478
1447
116
157
-4473
-1154
-1692
6030
6095
2264
-1119
-4486
3317
-948
4287
5048
426
3282
-4499
-2421
3741
3368
-1289
5922
87
-4512
1289
4421
5374
0
0
7230
-4525
6557
-1797
3181
2727
849
6550
-4538
4248
7261
6627
44
4287
5399
-4551
-1990
2180
6530
5093
4343
-72
-4564
622
6127
5466
-277
1651
-2148
-4577
2793
6643
3707
589
4347
6603
-4590
565
4143
3918
-2225
5603
0
-4603
2990
-2054
-721
0
2224
1761
-4616
0
-1666
3683
6171
5134
3924
-4629
1433
-2011
3705
7028
2846
7373
-4642
2979
1908
1557
-2325
6470
7426
-4655
4944
2122
0
-951
2534
6133
-4668
-2066
-1758
2853
675
2221
-862
-4681
-1828
3296
2807
-2008
-1507
4452
-4694
2433
7079
-640
3079
-1226
127
-4707
2080
6861
3899
6405
1070
4858
-4720
-2104
4052
2008
0
1767
3358
-4733
18
4813
-1559
-1787
-1149
632
-4746
-2358
3003
678
5471
3437
5114
-4759
6258
-350
2021
4516
-69
5861
-4772
-1079
3490
4481
-1848
418
786
-4785
1147
-545
4057
1666
2076
-1198
-4798
-2453
2637
-51
-905
-1079
-1954
-4811
1493
2080
1593
5464
2207
4452
-4824
-2406
5570
5087
-1510
5207
2474
-4837
5416
-967
248
3640
-2083
3373
-4850
7340
2028
3924
4764
4868
2940
-4863
3307
2098
0
6754
-127
5163
-4876
-2211
5129
2672
4305
1838
5571
-4889
0
7212
466
4934
4086
6207
-4902
2312
5861
3394
-155
-100
2869
-4915
2906
192
-660
6094
-1100
-954
-4928
6750
-2178
3145
-1201
-2024
6948
-4941
-1805
-1836
3258
-1897
0
3591
-4954
5493
-748
113
5834
2784
-1337
-4967
0
2245
1627
1181
-2292
-40
-4980
-1161
0
-2165
653
5117
2833
-4993
699
-1049
-2231
1068
-2383
0
-5006
3829
5487
3839
0
-2112
-662
-5019
2714
-919
0
4812
-1802
-518
-5032
6780
6905
1231
3678
6641
2104
-5045
76
-2471
-2249
5477
6422
1786
-5058
2555
3736
6175
7187
-1475
3405
-5071
3774
5395
4367
2607
2524
-1940
-5084
0
0
-66
-226
1552
-1113
-5097
4655
5752
6218
1746
7307
5040
-5110
-106
301
0
4183
-2062
3333
-5123
3664
-755
2135
564
2996
415
-5136
4025
844
-1854
-995
0
-35
-5149
-2394
6642
3007
-1989
7217
3930
-5162
2231
4646
-1044
6207
1351
-181
-5175
-1861
-2198
0
6706
1295
3078
-5188
1162
7473
1781
-2293
-1644
2658
-5201
-1416
6879
1395
-2125
1970
5171
-5214
1386
319
5512
-730
634
2695
-5227
2074
808
3867
-28
2734
4435
-5240
2464
-2429
241
4336
5687
1097
-5253
2000
3137
-2294
3423
5622
94
-5266
4588
-1361
3589
-1553
-1158
-1533
-5279
4692
3804
238
7246
1685
-69
-5292
4053
4902
2358
3660
-975
1382
-5305
5559
7249
3938
-1508
-2117
3262
-5318
927
5762
2796
6036
-132
-872
-5331
7151
5208
2402
5159
1369
0
-5344
4582
-1275
5133
-1041
6548
0
-5357
-1892
-464
896
-946
1706
3541
-5370
-183
-1241
4069
-1564
1977
4234
-5383
52
6784
407
-1636
3584
95
-5396
1186
2698
-2134
-885
5199
4182
-5409
1093
-1081
533
1538
1658
674
-5422
-9
149
2034
6683
44
4619
-5435
0
4024
5020
4906
3141
6139
-5448
1121
-106
-1740
2717
1914
6968
-5461
-1945
-1733
2112
6957
4719
5642
-5474
2452
0
1834
21
2544
2072
-5487
-1596
4173
-2470
4360
-960
6181
-5500
2681
-1455
-2085
-1889
3284
2135
-5513
3250
7028
353
4706
7221
4288
-5526
-1789
102
0
3075
1705
5509
-5539
-792
1261
215
0
101
3742
-5552
-1592
-535
3807
-1659
5655
-2222
-5565
-482
2161
3956
2409
-684
-1949
-5578
-1671
-1211
4933
5824
4711
2961
-5591
3719
6469
4557
6287
-2332
2821
-5604
2142
-384
2119
-105
4736
1279
-5617
-658
1265
2709
2120
3601
2116
-5630
2882
6636
3631
1430
2067
5179
-5643
1975
1749
3540
-1207
4592
5735
-5656
4731
2510
-297
-1034
7469
1293
-5669
117
5817
2718
3463
-99
5238
-5682
4653
-2399
2317
962
7073
438
-5695
-2177
-1326
3241
2830
2637
4667
-5708
-1547
4878
5567
2651
2817
6978
-5721
4933
5722
4220
2692
-1854
1812
-5734
-1743
6383
-749
1304
-379
4065
-5747
1101
6816
0
6352
1699
5429
-5760
5605
7252
4928
3679
-136
-314
-5773
-2418
-417
2154
2452
4096
3009
-5786
589
0
5191
1342
7496
-2042
-5799
7352
6838
3817
-486
3554
3208
-5812
-219
2936
2341
847
-1121
1369
-5825
3323
-1135
3012
-1115
6495
1497
-5838
1613
768
-900
1334
7392
2229
-5851
7412
-1436
3297
1585
0
1256
-5864
-274
4751
2651
1222
-525
3632
-5877
2067
6832
2520
4498
3418
1904
-5890
-480
5807
3708
5483
3565
-2148
-5903
-1385
2290
3819
-1533
-461
-1288
-5916
6057
5619
-2235
-1484
3805
-601
-5929
1171
2422
-1296
1540
3943
3070
-5942
0
3704
5095
1508
893
3675
-5955
4920
5564
-1687
-15
1381
4400
-5968
4882
3671
3644
5302
-1500
3489
-5981
-1226
358
-1583
4986
1445
-1203
-5994
4118
-394
2787
-487
7343
34
-6007
-524
6359
683
1378
415
6174
-6020
6005
2030
5309
5199
5459
-751
-6033
2378
4957
6460
641
-2344
2844
-6046
2151
4993
-92
6947
5206
6839
-6059
-2131
-989
111
5503
272
4792
-6072
4723
4536
0
3974
6345
-713
-6085
-1500
-1124
5252
6948
-2377
-1283
-6098
4732
-83
6807
1350
3566
5100
-6111
7442
2312
-1323
139
5052
-1138
-6124
-1785
-1237
0
1247
4613
450
-6137
-1199
1191
5205
-1620
-1502
-2231
-6150
2354
-575
6542
6381
3721
1346
-6163
1282
-2494
44
-1901
7317
-1243
-6176
124
-1756
-2294
6979
6475
2514
-6189
-2307
-2341
0
4812
2815
-19
-6202
-55
2215
4298
0
1464
2856
-6215
3187
1876
1025
-1108
7276
6802
-6228
-1698
184
2508
5375
-1084
-1342
-6241
3720
6014
2499
3323
0
4936
-6254
743
5094
-243
7081
-1672
-519
-6267
4304
6946
7460
-770
3759
7366
-6280
-761
-1289
580
7060
7165
7054
-6293
4459
2765
-794
656
7205
5558
-6306
6180
-1551
3345
0
41
1435
-6319
969
1946
-1612
1184
1527
2026
-6332
6014
3463
4121
6044
0
4289
-6345
3014
5940
3964
0
-1088
-765
-6358
93
3335
0
5935
-2239
1979
-6371
6260
1470
2498
4163
6352
495
-6384
6458
7450
2558
1243
4679
1301
-6397
1230
5839
6709
5383
2923
669
-6410
-1457
-472
-1051
-1526
4849
-1646
-6423
3569
1270
-2350
4182
7062
3204
-6436
191
-18
2796
1475
2764
-571
-6449
0
5302
3660
1688
7270
-793
-6462
3100
-2064
7185
2410
2326
-1456
-6475
5581
2796
-2491
4813
-1162
6594
-6488
1248
-634
2349
4743
1459
1046
-6501
3817
-756
1766
5983
3425
6159
-6514
7094
3251
5071
1442
3243
6704
-6527
2578
6221
6382
3038
1775
-1674
-6540
-1184
7008
1273
-566
3357
7162
-6553
2184
4103
739
4216
-238
7481
-6566
2614
-1847
-318
744
3220
1225
-6579
-1883
2227
6628
5774
772
5627
-6592
0
2981
4886
-210
0
-1561
-6605
4271
-135
3075
-1120
5490
4244
-6618
-1279
1578
855
1850
-16
660
-6631
6410
2066
7194
4184
2345
3711
-6644
326
1413
4022
2056
-1612
5549
-6657
2952
-2302
5885
-2253
-1333
3986
-6670
1061
-1256
-1868
1677
1372
-1786
-6683
2271
4982
-869
-2335
4554
-1015
-6696
6112
-1191
916
2836
0
-263
-6709
4694
-2105
-389
-1655
7212
4785
-6722
-6
489
6656
3608
-2382
1457
-6735
4465
0
6623
6557
5557
3637
-6748
4122
4703
-1430
1988
4407
3945
-6761
6399
5140
1139
1784
1546
3308
-6774
3659
6181
3893
3046
5353
462
-6787
6554
4838
3423
6304
6748
3149
-6800
1020
-745
832
0
1042
6865
-6813
3843
-1101
-2266
5701
4476
2373
-6826
1552
808
2327
6311
646
-742
-6839
-1925
3986
6736
7151
7130
7372
-6852
0
-1454
125
38
3326
4769
-6865
-1468
-1178
0
1750
-2385
-8
-6878
835
-887
-1554
917
-211
-1658
-6891
7280
3662
5217
4682
3609
7467
-6904
6545
5563
3630
4345
-540
4718
-6917
-1226
-625
2080
6428
6638
-1928
-6930
5154
6875
6307
7171
-858
4380
-6943
957
283
6016
2691
1535
5562
-6956
-2379
5523
4631
3767
-1927
1785
-6969
-2137
-1904
-190
5484
-1600
4039
-6982
24
-2382
529
677
-2403
7399
-6995
-2463
3406
5552
2277
-799
7214
-7008
1898
-2015
-1219
7315
30
2217
-7021
223
5456
61
5685
-1042
4824
-7034
4913
4383
2511
328
8
3221
-7047
6272
4758
6322
2409
4244
1871
-7060
1718
4604
3601
0
3041
4941
-7073
1762
-666
1602
3576
5068
7124
-7086
-564
5432
-1412
1951
1088
6093
-7099
5549
233
694
5711
1310
-2209
-7112
2156
415
-1091
-1931
-462
3987
-7125
3092
3353
4989
-1281
-429
-1350
-7138
-1509
-1465
1769
-1098
2803
-61
-7151
3061
1463
-1105
4697
-1181
-996
-7164
2958
4802
-1692
-1823
5267
4133
-7177
4551
1863
0
-2332
2695
-537
-7190
3409
-942
-698
6562
-494
6190
-7203
775
-583
-1110
4480
993
5035
-7216
2242
-2184
7025
1805
4667
4415
-7229
1927
5051
6887
2373
-552
1023
-7242
3277
2297
4838
6138
3683
5704
-7255
7058
3280
-1457
2308
-2010
-2233
-7268
-1140
-45
6979
1098
-798
2976
-7281
6997
6685
4009
-1004
5306
2003
-7294
2713
2983
2016
-1620
2270
1160
-7307
5809
-367
64
5609
0
547
-7320
2930
2162
7265
1809
6162
-2477
-7333
4517
595
0
5040
5767
1614
-7346
2949
7252
1718
6891
2338
-1981
-7359
6442
2913
5572
647
-1822
0
-7372
6065
2968
5541
-1066
4552
7304
-7385
7177
5489
7187
6783
-1556
2303
-7398
3241
1268
-1493
1075
4749
838
-7411
2155
0
7218
183
3464
1007
-7424
0
20
6139
-1674
-490
466
-7437
-927
724
2885
-1327
2394
-1630
-7450
-2284
4975
5525
5328
3173
3152
-7463
5024
79
2249
0
5380
1839
-7476
-1725
214
3614
2566
2286
4686
-7489
6337
-2470
3847
5434
6278
3646
-7502
974
4602
7468
3314
1334
222
-7515
5248
1436
3195
906
-47
3705
-7528
-1412
5992
102
-1867
-1893
445
-7541
5083
452
3230
-804
5163
7089
-7554
-1027
668
-1940
-1234
333
-135
-7567
6575
-2087
447
0
-1572
3428
-7580
3567
1157
-214
-720
5684
6759
-7593
-307
-1119
-66
6679
6567
6995
-7606
-2355
5436
2244
-2101
4925
-2384
-7619
1983
7315
4240
-662
0
3309
-7632
0
-1022
2498
6729
4371
2627
-7645
-2343
-1979
0
7268
-473
-1757
-7658
4193
5830
2851
5511
1387
2154
-7671
2666
-1899
217
1833
-46
-1748
-7684
3227
1853
7477
4264
444
3777
-7697
0
0
-1144
1764
-1465
0
-7710
1380
1062
4864
5
6037
-1226
-7723
-248
-305
265
6782
5729
-2301
-7736
5733
0
5638
1099
5542
3850
-7749
3887
0
-2357
5212
-1386
2675
-7762
3652
-233
6949
5987
461
0
-7775
7004
2031
-47
6352
0
-364
-7788
4728
3876
-314
6571
-315
2708
-7801
4316
5424
-1857
28
-1892
-2338
-7814
2356
-2099
2052
-252
-1724
4105
-7827
6809
6438
3331
-1109
-673
0
-7840
4627
4162
2152
-596
-742
2320
-7853
-1149
6825
2828
6059
-2167
6749
-7866
4824
-1284
-1743
-1783
2599
-1715
-7879
-461
3570
0
-886
3308
7222
-7892
-581
-1941
-823
1446
948
1208
-7905
0
7080
3417
-667
2830
3596
-7918
4185
-1990
-650
3698
1457
-2426
-7931
1487
1446
-2295
-1836
5111
-1763
-7944
788
5056
-2109
6870
7107
2547
-7957
6870
6809
3140
-1701
-948
-1511
-7970
-2408
2981
2805
-862
6951
0
-7983
4617
-499
5861
1019
1335
6638
-7996
6823
330
0
-68
6425
-2380
-8009
3257
2736
2386
564
3672
1840
-8022
2244
2787
-347
4665
2808
6220
-8035
6710
-1231
0
864
7088
6555
-8048
4369
732
6581
3302
3595
2128
-8061
2301
4739
0
287
5146
4820
-8074
6624
6918
0
4667
7472
0
-8087
3069
1464
-1481
1382
-6
5558
-8100
6738
6757
4382
6788
3832
2106
-8113
-17
3459
3339
4071
4856
-869
-8126
-2182
-1698
782
-2413
-884
-1357
-8139
4664
1610
518
-985
4683
-1434
-8152
6479
2061
4554
6756
7055
-1876
-8165
0
3159
0
176
-2451
-2392
-8178
245
5410
-1152
425
-680
2968
-8191
-2467
6062
936
-1187
-2326
-1263
-8204
2532
2580
899
0
402
6051
-8217
987
617
4790
-902
5744
28
-8230
2850
-1938
3921
327
4248
-1591
-8243
6325
1969
-1168
-409
-602
-1387
-8256
-512
2031
-230
6408
6413
-407
-8269
7301
5220
4746
-540
3625
-1546
-8282
-1090
4561
3364
3719
4654
5316
-8295
7293
4855
1507
-2161
1803
1901
-8308
0
5750
7052
6850
7178
5878
-8321
6103
3568
5407
-1407
-2455
2909
-8334
1283
-1015
4727
3395
3330
-482
-8347
851
-745
3290
5021
-1731
-1793
-8360
-1853
504
2516
4130
1088
0
-8373
1961
118
6178
3045
5298
1875
-8386
3697
-1665
4321
4177
-2224
577
-8399
3142
-1494
1932
-1826
769
2119
-8412
2853
-1623
-2215
-313
6796
6147
-8425
567
-1631
2474
3937
-2327
4603
-8438
5162
5648
6927
5113
-78
3840
-8451
3576
2054
-747
6789
-2405
-1160
-8464
199
-218
-276
5368
2266
6137
-8477
4307
4286
3030
541
-194
6001
-8490
-1681
3452
6738
904
4176
4947
-8503
4541
6887
6044
-720
0
6790
-8516
-2330
5378
4748
-357
-1841
6633
-8529
6213
1327
-656
2989
-1743
4563
-8542
-478
-2446
4055
2346
-400
6931
-8555
474
4035
-1160
3436
4862
106
-8568
79
0
25
34
7318
-768
-8581
6915
-274
4939
5391
0
-2066
-8594
-1601
6707
2535
-1427
4184
-1384
-8607
0
3106
-10
-1673
227
3928
-8620
3616
5873
5511
4411
5135
192
-8633
2681
2404
-2098
-59
2461
1050
-8646
3921
3378
-337
6566
4010
3109
-8659
2376
1828
-1892
7497
-2469
6101
-8672
5901
-1292
-144
3029
7269
5870
-8685
6075
-1790
2982
6403
5463
1156
-8698
3817
1755
6725
2829
2258
2234
-8711
3037
-302
2808
3015
1229
5681
-8724
-2159
-1389
6822
-2163
3141
0
-8737
2163
-1465
-1963
2428
3133
-2241
-8750
-1370
-2144
6221
6405
-803
2516
-8763
144
0
-2180
3265
2719
-736
-8776
260
3542
6099
7050
6213
5413
-8789
-1031
536
303
-1331
-2422
0
-8802
4152
4398
2816
4468
2989
785
-8815
1791
-1052
1557
5119
-1140
-708
-8828
1666
1521
6573
-394
2207
856
-8841
2859
-1142
2065
2751
1583
5938
-8854
2196
1426
0
-867
2122
7073
-8867
7237
-515
3408
1360
6692
2615
-8880
6946
-213
6885
3821
1865
2082
-8893
1799
3309
-2173
512
3994
6927
-8906
2174
449
6030
4716
2560
0
-8919
-306
-1871
5055
4743
6406
-428
-8932
-380
5613
5294
-282
-468
4881
-8945
3367
5552
-559
0
-239
7124
-8958
0
2879
4317
-890
0
-537
-8971
3608
4270
2647
2653
5138
-1588
-8984
-1873
4624
2829
5252
-887
6173
-8997
4399
1324
6413
5483
1672
1633
-9010
0
4939
114
794
-1374
3944
-9023
5996
814
2220
-1117
3574
-808
-9036
2206
2350
3680
6028
4780
-2095
-9049
3074
6604
775
-155
1347
7133
-9062
2439
-2342
4878
-1524
-1611
5134
-9075
-2212
-1770
1034
7102
4757
7482
-9088
-1567
7486
4114
0
-2465
4536
-9101
1556
-804
-1163
-1967
4751
4566
-9114
754
4009
1882
6315
2246
-513
-9127
6256
1900
0
-1936
-2224
6866
-9140
5011
5781
-459
2609
6578
-858
-9153
7047
1877
-1544
1921
2562
1227
-9166
0
695
1641
5931
4782
-947
-9179
-1651
-1378
6176
0
3885
2830
-9192
6650
60
-2020
2209
-1129
-16
-9205
2730
-72
-1864
7489
-178
7255
-9218
2145
4245
-2280
-1442
2349
-80
-9231
4512
0
4551
0
417
2165
-9244
1191
3940
-1523
-2443
0
4941
-9257
5280
2124
-1630
5854
-1827
6460
-9270
1286
7495
7352
3089
0
6500
-9283
1429
1629
-73
2839
-1672
-1799
-9296
7022
-1062
-1405
-995
0
4399
-9309
437
-284
0
1192
-706
4645
-9322
6976
3246
-562
3548
0
1723
-9335
1096
2090
0
3637
4967
758
-9348
70
766
2525
971
1883
1879
-9361
-1686
-1771
-898
2445
-828
-2217
-9374
6996
-1301
-725
-994
1948
1697
-9387
2089
7096
1598
7477
392
4318
-9400
-112
5227
1370
-36
-1083
2438
-9413
-2221
1423
4013
5016
3619
985
-9426
7459
128
5937
6211
7467
5829
-9439
695
-224
3653
6992
7377
3151
-9452
6273
4811
796
1746
4436
-488
-9465
-1632
512
-379
1572
4042
-2402
-9478
374
1625
-765
6406
0
2593
-9491
2365
3823
-138
-563
-1543
7490
-9504
6910
1666
3637
-1486
1092
-2198
-9517
1108
-1901
501
2989
-1190
3095
-9530
-11
5238
6886
3835
-1240
-280
-9543
1831
2641
7410
446
-1500
-1141
-9556
-2284
-1026
5322
6989
639
-1271
-9569
5472
3487
644
-1793
2623
6495
-9582
87
-393
4733
-1933
-1390
-2446
-9595
778
6051
6318
297
494
470
-9608
-1034
-385
3768
-1208
3086
-1325
-9621
-1396
-515
3630
-712
1932
5877
-9634
-620
25
-1824
617
2250
0
-9647
0
6491
3075
3765
4452
732
-9660
-1016
3750
538
4927
4271
1797
-9673
-188
-2156
6417
3262
-524
-2475
-9686
7390
5327
-2210
5331
-278
322
-9699
-615
4422
620
0
5553
-963
-9712
-1148
-559
2984
2825
7382
4418
-9725
3205
29
4614
5377
2054
2087
-9738
-2036
3132
3830
2303
0
-557
-9751
372
-942
-2142
7432
-1005
5713
-9764
3966
6990
2759
3280
-2275
5632
-9777
-1681
3785
-565
0
1043
3535
-9790
6549
3346
-1928
5881
1561
3168
-9803
-1416
3463
5263
-2027
-780
4568
-9816
-882
6935
4683
1064
1910
0
-9829
7365
-1551
7359
1755
-38
7465
-9842
-220
2063
3255
2910
487
569
-9855
7323
-2383
0
2370
3773
0
-9868
2096
-910
2344
6632
-1299
3404
-9881
4514
1494
-1652
-1882
-1092
2194
-9894
6111
5947
3912
0
-1224
1923
-9907
-2146
1910
-2147
-638
-1073
2114
-9920
-1113
6136
697
-1379
-407
0
-9933
3429
6531
1589
792
2393
192
-9946
156
3965
0
-2211
-959
791
-9959
7345
-661
-1533
0
5057
4857
-9972
1861
2308
4268
-1519
7231
6136
-9985
2375
5322
0
5045
-403
6234
-9998
5352
6116
1536
-1569
0
4650
-10011
2362
929
-2415
-2034
4610
4921
-10024
-1862
4969
5130
-643
1087
3151
-10037
5272
591
2177
7373
-1559
-1694
-10050
2213
-2117
3020
2851
3482
5882
-10063
7398
6984
5826
2998
4390
1124
-10076
6502
781
5340
3458
3057
3751
-10089
3978
2212
1995
2516
6587
-367
-10102
-272
803
-16
6883
387
450
-10115
-26
7076
4896
-2178
-2456
-1738
-10128
5287
-2227
-1119
-2387
0
7303
-10141
5475
4846
4246
-1514
6935
4366
-10154
4183
3823
-2379
3595
-2366
70
-10167
4710
3787
-1188
5884
585
4415
-10180
-2042
6021
6751
-994
3781
4469
-10193
-1226
6614
-368
-146
-707
1574
-10206
2535
5469
-2062
5656
2540
1150
-10219
-2325
429
5063
4947
3687
0
-10232
-1447
4657
-1059
-629
-602
7319
-10245
7161
-514
-2181
2291
3309
-355
-10258
6686
3898
-1771
6649
1367
75
-10271
-1983
-347
1540
5519
6608
3033
-10284
638
2205
476
2788
-1700
5238
-10297
-2215
7496
1912
-396
-1249
-1272
-10310
-1633
209
4658
2700
-2374
-1577
-10323
-957
3401
6522
-634
4265
-2022
-10336
-2384
6505
-223
-1866
0
6174
-10349
3869
5548
-1578
0
4577
1846
-10362
4114
-453
6132
5530
7096
4686
-10375
6194
-669
2511
205
-715
6307
-10388
-1941
805
0
-4
121
4026
-10401
-2440
-1718
-1483
6503
7422
-2262
-10414
1832
968
6580
6497
-1800
-796
-10427
180
-1687
-606
842
3555
0
-10440
-1752
2041
265
3459
7004
-2007
-10453
-2015
-518
1082
5681
5085
3736
-10466
-1275
7054
-1851
3633
92
7060
-10479
7177
-1752
1168
5355
-1957
6884
-10492
7454
5812
401
-2274
3027
4173
-10505
7347
2213
4264
-346
7487
3899
-10518
-1371
-232
-2436
3843
5060
5533
-10531
-1869
634
0
5608
5992
19
-10544
-646
369
-1546
-387
-2239
5775
-10557
4832
5661
-1908
6363
2935
7350
-10570
6733
6448
3087
6358
3493
-2263
-10583
3031
7197
1855
-1487
3996
-663
-10596
-141
5040
-2067
-1508
5994
3085
-10609
3537
3918
1744
3069
-1803
-621
-10622
-2053
5182
2566
2765
-1072
951
-10635
-853
4535
3787
-834
6972
3215
-10648
0
4212
-371
2890
-357
-2480
-10661
2075
3524
581
2486
7266
6777
-10674
1491
6654
501
4084
3829
-533
-10687
78
6585
4826
-974
-1019
1505
-10700
7377
2723
3543
4757
4337
-1307
-10713
262
-885
7023
-890
7329
0
-10726
4900
1183
-1221
6242
-12
945
-10739
5536
1050
1032
6997
-2211
3709
-10752
4214
4460
2024
5103
6582
7222
-10765
-361
5339
6378
4422
6921
1593
-10778
7291
1154
-2399
7279
2317
-1881
-10791
5971
3588
4072
7373
-1684
1822
-10804
3237
780
4898
2936
5105
4241
-10817
-1819
4670
-250
1757
6607
-2318
-10830
3646
-1531
1824
-901
4997
-55
-10843
1201
371
-804
5897
0
-1720
-10856
1952
7216
7053
606
-1831
-1303
-10869
-1460
0
5605
6203
68
-2139
-10882
3868
4539
234
-2491
0
1906
-10895
-1476
3805
109
6886
4428
2048
-10908
2854
7185
557
7440
5087
3670
-10921
5961
-1010
379
6080
3737
-818
-10934
6151
3255
4066
-2097
4154
-2034
-10947
2800
507
855
1798
254
7034
-10960
2269
3744
3317
7107
4921
7079
-10973
5568
-961
5954
6248
5618
5987
-10986
768
-508
3488
571
7195
-366
-10999
-1954
3514
-2078
3662
-2004
1395
-11012
-683
-13
-292
-995
6406
-1462
-11025
3196
6513
5476
-1766
6578
6641
-11038
6282
3559
5071
-498
-2330
-870
-11051
4529
-839
3507
1366
0
2321
-11064
469
1403
3094
-2319
1958
7210
-11077
7441
730
3566
2080
6646
-1298
-11090
2304
6950
-2451
942
-1919
4940
-11103
-1835
-1057
369
-664
7038
6134
-11116
-1593
6519
-1340
6106
4131
2317
-11129
503
6709
-931
2326
3010
-443
-11142
-749
2799
-276
3294
6372
4352
-11155
4753
0
6029
-1035
4103
-2405
-11168
415
5382
-1662
-778
1151
3016
-11181
1358
-1023
4913
167
5063
4627
-11194
-2125
6618
6286
5891
739
667
-11207
0
-105
1431
344
2571
-695
-11220
6170
2672
-684
1204
7123
2858
-11233
5217
6582
411
5033
7301
-832
-11246
-743
2386
-2150
0
4483
2565
-11259
-600
-725
-436
1452
4247
1126
-11272
22
5700
1194
5763
6812
599
-11285
4184
7263
2255
3813
-1185
0
-11298
4848
6396
-2203
1862
2830
-2464
-11311
1423
3618
-1249
-647
-1102
4934
-11324
3984
1765
0
6862
-861
-1545
-11337
2427
-641
4842
-2278
-1929
2954
-11350
5403
4690
2746
-2320
5965
2096
-11363
5885
0
4885
7163
7177
5511
-11376
-323
616
2919
-317
-146
-1053
-11389
4816
5937
6107
-2384
-839
-1170
-11402
2000
2775
-1305
-1548
-414
40
-11415
1584
-2119
3938
146
1577
1082
-11428
6838
868
3427
0
-741
3436
-11441
2961
4200
-2423
-1508
1655
5079
-11454
-2152
-508
3953
5424
-2332
2501
-11467
1631
-2000
-1671
1935
-1306
-950
-11480
2928
-477
-1295
-639
2022
6337
-11493
3494
-1469
-1803
7457
3270
0
-11506
-943
2299
-2256
2375
-1658
2979
-11519
-2285
6841
2369
1106
3660
-302
-11532
-1374
6575
-617
3608
0
5746
-11545
6938
5379
-2114
597
-2403
3428
-11558
1374
-2248
1582
2819
-2389
3574
-11571
-1992
0
6488
2762
-1577
4930
-11584
4194
2080
-794
0
-342
2342
-11597
6729
7267
5831
6235
5311
-66
-11610
3190
610
5789
-90
7069
2926
-11623
3640
3035
2449
466
1347
-429
-11636
6899
258
-2326
814
3885
864
-11649
724
2225
2839
-969
-1108
2672
-11662
0
4782
7294
339
2894
4034
-11675
-2246
333
1583
6765
6525
5043
-11688
-1211
6232
3262
3191
1740
5288
-11701
4986
2010
2268
7374
2713
-2072
-11714
5798
7404
-1207
-1729
0
1838
-11727
51
-29
-1726
6894
-1402
5802
-11740
-876
6790
5665
1127
541
7071
-11753
-732
-1996
-1119
5448
-614
0
-11766
4516
-1819
7227
2853
-2435
94
-11779
-1777
1851
6732
5767
5857
1592
-11792
2516
4681
-738
5368
-2095
6332
-11805
1510
-356
2028
4324
583
2270
-11818
-2389
-630
-718
1570
1923
-1454
-11831
-54
4083
1026
6497
1058
-1080
-11844
0
-814
187
-41
5708
2633
-11857
3741
1152
-2448
2908
0
496
-11870
4284
-105
-201
-1799
477
976
-11883
-986
-823
-54
-2133
-768
2271
-11896
-2478
4546
-857
4895
6415
5796
-11909
-2319
5501
3106
6832
-1977
4652
-11922
1405
2702
4870
6635
-646
759
-11935
-528
-2114
5512
6695
-660
-938
-11948
-123
3194
193
-2294
3266
2350
-11961
7221
-1571
7394
120
-208
0
-11974
2000
-1470
-720
1182
0
-2005
-11987
-246
6243
-1395
4961
-847
7218
-12000
-348
1789
-2274
6428
7049
2830
-12013
-1919
0
-791
1683
511
-2380
-12026
3875
-2442
3938
-1299
3674
1226
-12039
0
-75
3663
1566
250
0
-12052
71
3879
5210
7132
-2041
-2015
-12065
-2357
1368
-392
3635
3099
-977
-12078
-1606
6224
6139
0
-1901
6728
-12091
4765
3440
2564
6106
998
755
-12104
0
2157
-463
3364
4980
-2145
-12117
-2001
2014
717
-1551
-54
1011
-12130
596
-249
1587
4562
2689
1061
-12143
-341
876
-2240
-12
611
7347
-12156
4166
0
2851
-1874
2438
1243
-12169
5488
-555
-1951
3788
-1485
5066
-12182
-2105
3677
1864
3052
7408
-2302
-12195
2488
84
4570
-670
0
3092
-12208
6653
5228
3610
1969
4017
5223
-12221
1683
6466
729
7199
6337
1676
-12234
0
3593
3701
-1861
5757
-1098
-12247
0
-2430
6303
236
-538
1163
-12260
-2336
5126
3389
3067
4776
4282
-12273
5456
0
1014
4084
2498
-554
-12286
6963
-840
3588
-606
3704
-1269
-12299
7080
4407
1911
6005
2848
222
-12312
1251
-1221
7477
7394
1793
1619
-12325
2117
3434
5831
5117
4132
2822
-12338
-1229
5512
7037
2728
6330
-1999
-12351
-42
-1171
1553
-156
3513
4086
-12364
-503
2195
1055
2475
3129
858
-12377
-65
5479
4114
3156
4312
-1792
-12390
-2186
2531
2419
3944
4645
2127
-12403
165
4674
-831
-1804
7110
2925
-12416
-2070
372
165
-1566
-1827
3647
-12429
106
5325
5782
7443
4391
959
-12442
-439
4683
902
6944
4031
-2210
-12455
5253
1615
31
-213
1058
-1121
-12468
3738
3621
139
1916
5888
5630
-12481
6063
-799
2426
4025
6202
3004
-12494
696
-1648
-425
-1539
1679
-1972
-12507
809
-1862
0
2708
4822
1496
-12520
-71
2433
458
-331
1834
616
-12533
-1835
6721
-1680
-294
6772
1314
-12546
-825
1318
-2174
-1560
-2385
-831
-12559
-174
4964
-2130
2376
0
-898
-12572
-1997
-479
-433
0
-1698
0
-12585
3832
530
-2356
696
1
-1130
-12598
6737
172
6818
7002
-66
1728
-12611
-86
-2380
-121
5975
1684
6331
-12624
6805
158
-2096
4960
-2329
8
-12637
3365
4876
0
-956
-448
4479
-12650
1432
4474
2178
-1095
4358
5778
-12663
2795
-669
7034
-100
922
5556
-12676
2020
177
7336
6517
4323
-129
-12689
2791
2404
6914
-2362
3466
-1331
-12702
929
-40
2135
5607
0
191
-12715
-1324
-257
430
3345
0
-382
-12728
-907
471
6043
123
4604
1133
-12741
5967
-2206
1890
1618
5500
-1878
-12754
-1940
1580
177
413
5559
1125
-12767
3352
549
3585
6605
-2212
3096
-12780
-1472
-425
7123
6326
5803
2139
-12793
6208
-50
5631
-387
6252
185
-12806
2584
-1789
5081
4396
1435
1648
-12819
5506
5270
-1209
4587
-1594
-555
-12832
-59
937
2998
-789
392
-73
-12845
-2269
4764
6783
396
1419
-837
-12858
1610
-2171
5086
-2169
2122
5248
-12871
7356
780
-2223
1612
5415
3514
-12884
887
939
2809
6715
3620
2269
-12897
-1546
4343
2989
-1637
6365
4488
-12910
5217
-1961
1621
3755
3882
5803
-12923
5297
3786
6331
-1826
-859
0
-12936
3768
6001
-330
-2139
4679
3161
-12949
748
-722
2132
944
423
2860
-12962
7049
0
-1456
3213
-490
4986
-12975
-1135
-1084
-347
705
-341
149
-12988
2966
1005
344
-1363
3429
4318
-13001
-249
7105
1380
-1062
2839
1321
-13014
-670
2325
804
-2080
3495
5886
-13027
4755
1337
-1690
3642
4617
1397
-13040
2772
3033
5754
-352
4127
3425
-13053
1835
5579
3465
1093
613
-2176
-13066
3245
6567
4189
6773
-1239
0
-13079
