315
9252
7488
7586
2127
4818
872
3220
5645
971
406
2943
6502
1728
3243
6745
4120
2433
4162
6923
4430
3266
4304
9567
4321
3424
4913
8180
3289
9155
696
6045
6862
3014
9635
3312
3817
3796
1088
9545
5748
7468
3335
537
6628
1674
8684
3554
6809
3358
1807
4721
3930
5894
6304
8228
3381
7577
6882
3638
1489
5467
4159
3404
7309
1233
3554
8893
2311
525
3427
9955
753
4180
7527
1370
6204
3450
4019
6894
8267
7452
7816
9831
3473
4196
3570
1788
2975
300
9009
3496
9415
7105
963
5954
9383
1713
3519
2482
6768
4083
8555
3036
5601
3542
6975
8804
5243
7440
6302
9906
3565
8424
2507
7545
2962
6882
4769
3588
236
5595
3048
1433
1528
8228
3611
1346
2119
2328
6497
2489
6894
3634
378
8534
7182
2001
8686
9648
3657
746
5214
5360
128
9199
4352
3680
2750
3695
907
2613
8381
2351
3703
9205
502
5118
3057
9758
884
3726
9157
416
5514
6434
5648
91
3749
386
3647
9538
4320
6614
4044
3772
5146
9295
996
6480
1136
1554
3795
1697
9801
8942
5656
4489
214
3818
2927
4509
9646
222
3425
3758
3841
3978
1997
3863
8329
348
326
3864
2680
3100
5543
3019
9866
3572
3887
6490
9987
9110
6053
4158
2872
3910
5804
5998
8199
2576
4937
1910
3933
1354
9315
984
3947
5186
8457
3956
3565
834
4764
1752
1943
943
3979
2222
7365
3103
5652
6668
1071
4002
1077
4415
1179
9559
8359
215
4025
376
2320
8692
8155
9263
3502
4048
5508
1021
5453
6880
3095
602
4071
4072
2530
1772
5210
9550
1380
4094
9937
4202
6212
2958
6990
903
4117
8069
1186
498
1795
7840
4824
4140
4394
9830
4390
8009
1899
8533
4163
4317
5060
1338
4089
8695
8190
4186
2162
6152
2454
6015
5926
1947
4209
9080
9656
1805
7338
3133
5681
4232
3323
6996
4104
6983
-4
-869
1821
7318
-2252
-1961
3989
2014
202
1834
4921
2345
-2388
-1484
2071
3191
1847
-1788
-1651
5896
1526
3026
-2391
1860
-942
5139
7356
1845
3898
-1221
1873
7303
4546
-629
0
5336
3452
1886
-1500
-125
-2405
5333
4499
-1854
1899
372
-1326
4867
740
-1063
399
1912
2399
7182
1721
5351
-573
3540
1925
5521
-211
1268
6613
6664
5645
1938
4257
-1053
1449
3222
7163
5488
1951
5020
5475
-2498
1222
-1593
0
1964
246
5367
3800
-1947
-2102
-1574
1977
-1894
7395
0
1185
283
2611
1990
4176
6982
3821
4483
3414
4695
2003
1237
-1292
249
117
-2413
3649
2016
129
2501
-1970
3448
3737
6403
2029
3357
5001
6796
-1830
3630
-1088
2042
3656
-915
-326
3461
484
7150
2055
3186
7
-1459
2247
5834
137
2068
-2258
3643
5106
-575
-635
-358
2081
5233
6124
-2432
6164
7274
-1345
2094
-1064
-2148
-720
3566
-950
6119
2107
7085
1254
2604
6692
3739
6920
2120
165
3141
2822
748
2604
-858
2133
4407
5834
6503
6753
2805
3729
2146
1007
-955
-1200
-1973
5085
4737
2159
-1809
-1727
6972
231
1815
233
2172
6
4350
-2359
4301
3935
2453
2185
4597
-920
1637
2666
0
-1639
2198
5943
2680
-1011
-1396
7181
-718
2211
-1143
3680
-883
-57
6058
1186
2224
3905
2461
-198
437
4797
-1341
2237
7425
-727
3294
0
4575
458
2250
-1889
-811
6644
2183
3528
2044
2263
1551
4289
4298
229
2318
-185
2276
-125
-233
-1383
987
3510
-2467
2289
-172
6466
1815
-699
2167
1928
2302
0
7066
-2022
-202
4474
1049
2315
-1897
0
4970
5890
1762
921
2328
3318
-1388
0
-309
635
-2136
2341
3862
7344
-1151
3080
-1543
2208
2354
3124
2
-800
1534
-599
3315
2367
0
0
1309
-989
2374
-1095
2380
-1783
6321
3249
6556
3345
3609
2393
2519
1422
449
8254
8431
8746
271
0
1979
1435
9201
5827
8739
6076
23
4711
1410
9418
4783
3784
630
46
8719
3207
9923
6850
2980
7632
69
3939
1643
4169
259
1830
523
92
6710
7635
1282
8832
3824
5797
115
9375
2502
7540
3096
1239
9003
138
5071
7494
4229
9576
2150
3437
161
9116
6916
8135
4116
9662
6907
184
7009
4400
4361
7096
4616
7115
207
2877
4294
7147
334
465
1088
230
5886
9887
305
127
4237
2577
253
4444
1697
2483
7626
3995
4713
276
9925
6297
4575
2703
7076
8673
299
2057
1500
5800
8648
3139
8868
322
5548
2672
9485
5246
6193
343
345
8279
5250
736
8979
4120
9010
368
4106
335
8202
799
6691
3744
391
4562
9224
5646
8985
7181
1831
414
2800
8491
2197
8689
3613
3160
437
68
4613
92
1932
736
1551
460
8680
584
3774
6224
1113
8844
483
7171
798
4317
5943
10
458
506
6281
8211
8025
207
8602
5595
529
48
3653
1719
5870
3555
2431
552
3852
4719
4182
7885
3038
2738
575
1394
783
3480
24
9175
4309
598
5233
8697
9688
7187
2867
1051
621
7957
4631
7585
275
4515
9900
644
505
6951
8240
5726
4750
2485
667
243
3926
6256
6286
6908
1717
690
1249
201
5462
2566
907
2091
713
6718
2281
1288
5255
7259
9009
736
9424
3213
1233
9371
6025
7540
759
5893
9876
522
2258
7319
4954
782
2700
2387
4387
9245
9536
6712
805
853
8188
4187
9239
7097
9636
828
3734
837
4052
2507
6280
5292
851
5723
7185
196
2575
9223
8841
874
7657
9692
1877
1982
670
6486
897
1961
5320
6704
5281
1344
2055
920
5831
6086
2222
3761
9208
3808
943
4158
7059
5167
9342
363
6149
966
2252
4686
5112
3992
8855
6058
989
7434
532
778
1283
1825
4808
1012
7137
7005
7978
3802
7318
2341
1035
5388
1927
3103
8297
6207
1337
1058
9809
5721
5560
3356
6981
1292
1081
8911
1213
4823
8602
4
1195
1104
3498
1715
3825
9127
3432
7707
1127
8432
9762
8817
5440
2165
219
1150
7977
2191
4526
3553
8110
8378
1173
1446
9845
1273
8814
1513
7045
1196
3924
5548
5562
2834
2449
9197
1219
4300
7333
2979
2132
9917
4177
1242
8792
4655
3611
2588
588
7868
1265
3152
4768
269
6938
4513
9838
1288
9748
2186
8253
302
5061
8714
1311
3152
1338
2358
2170
3990
8
1334
438
3201
3116
7775
2705
8903
1357
2302
1102
4233
4128
1853
2492
1380
7527
1401
7408
327
527
1115
1403
5141
1165
355
4964
8251
4636
1426
5542
3283
7842
902
1171
178
1449
8173
2147
2242
5600
990
6860
1472
2608
8350
3084
881
9452
7819
1495
6906
1587
1587
3738
1652
5961
1518
3537
7611
8170
2339
3251
787
1541
2414
3961
9817
238
1164
7255
1564
5709
9702
236
4146
2755
2308
1587
7981
3536
5439
285
6139
3254
1610
2348
9628
2291
3750
8470
7941
1633
1993
1176
1081
5023
7662
9746
1656
2475
378
2977
8274
1103
2836
1679
6941
7164
9575
9274
8646
8851
1702
2908
1033
6008
7639
3616
2867
1725
1007
3185
1479
3746
2554
6115
1748
5965
3415
9305
8511
5842
3443
1771
56
183
1550
5780
6971
7828
1794
1557
1456
8599
6975
9270
3493
1817
3845
804
945
7085
2296
8334
1840
4001
7358
5739
559
2668
5374
1863
1119
4896
4866
2483
2875
7970
1886
8651
8876
2222
6063
7447
8060
1909
196
1016
7178
4342
1290
5428
1932
2744
8019
7839
3289
7332
2268
1955
4684
4124
6974
6218
6330
7075
1978
9488
5890
4192
8632
6793
7767
2001
2548
6397
902
4591
605
317
2024
156
2940
6586
4833
4814
2229
2047
2898
7956
7605
1931
6573
3678
2070
7221
7476
603
7589
8613
3458
2093
7628
6869
7640
1773
1785
453
2116
4867
322
8432
4966
2481
6594
2139
3809
3115
2373
7476
7418
3651
2162
1302
629
3979
6856
1018
3419
2185
8653
7037
646
7290
3513
9790
2208
6081
6320
6315
310
4116
5086
2231
2572
5624
3479
7322
4468
1862
2254
1365
9686
3870
2064
6408
5337
2277
3256
4061
1416
1382
1082
8279
2300
7638
2878
8029
2257
57
1638
2323
2712
7095
7438
8267
9522
2429
2346
2824
6354
6356
167
9400
970
2369
8849
8130
8807
3834
4845
823
2392
6111
9817
1609
8228
126
552
2415
1798
6282
8862
6827
9700
336
2438
1423
5208
8455
2585
1614
3862
2461
8750
1872
4190
9982
6351
7759
2484
8521
8
5424
2019
3691
2216
2507
1046
382
3671
940
2716
120
2530
8497
1397
3730
3843
2388
1108
2553
7013
4847
4435
6279
9011
1225
2576
7498
4363
5951
2147
7032
7056
2599
2385
9494
4050
1769
466
3880
2622
924
3155
1734
2310
6686
4509
2645
2062
6121
5764
7255
8782
2759
2668
2545
9061
8794
922
7585
4696
2691
6559
4228
4310
2057
8115
1893
2714
4632
5755
802
6286
2330
756
2737
2984
6346
5388
6788
2416
7045
2760
9175
8296
5823
6583
8522
7921
2783
2756
4402
7411
1900
515
8970
2806
2254
2147
4976
2234
1745
1923
2829
1308
7895
9983
1342
9017
3550
2852
8993
7641
4372
1075
3760
2856
2875
5544
2852
1033
9859
3256
9170
2898
487
7440
7012
8761
4063
1206
2921
2959
8613
7833
2093
7793
5159
2944
2260
3093
9180
525
8181
1205
2967
771
2516
9554
9778
9530
1643
2990
2479
4904
987
3250
7278
811
3013
3547
1562
6542
8326
3378
9318
3036
6378
6096
5317
9901
2180
3197
3059
4614
2340
7793
7313
2840
6596
3082
8338
7436
1992
4027
8038
6673
3105
24
553
8886
5313
2415
6201
3128
6190
8567
6095
8976
2881
6390
3151
159
8316
804
1050
5970
1620
3174
6563
8774
7837
2009
2278
1023
3197
3354
3761
6995
8819
597
9942
3220
2998
5322
3681
6578
9454
7556
3243
522
7298
9353
1281
7879
2762
3266
1265
7036
9651
1117
1961
8850
3289
611
921
1655
929
1371
624
3312
6780
1304
7246
5477
373
160
3335
1177
4902
6006
6302
584
3981
3358
2836
9986
2806
7639
5000
8258
3381
574
8996
1709
1502
3772
4606
3404
9283
741
5018
6754
5407
4698
3427
5146
709
6180
6224
602
4016
3450
90
2047
7026
9151
1180
4603
3473
4056
2533
4337
1697
236
3896
3496
8758
4870
3357
6667
1068
957
3519
907
7284
8668
7628
4094
8879
3542
6186
7059
7370
5000
2868
7038
3565
1995
1480
1511
858
4968
7691
3588
6105
1960
1997
4547
5949
9488
3611
4479
8299
9824
7002
7488
8287
3634
707
7385
1835
8928
1823
4966
3657
3750
9338
1736
1251
9566
1070
3680
4431
807
8040
3141
5010
5371
3703
3957
5779
5020
55
5429
6329
3726
2033
7633
3973
4391
9412
2301
3749
3413
1554
8820
1058
3458
8993
3772
7686
1211
975
4046
1251
1298
3795
915
2264
6100
558
9259
6294
3818
5287
4147
2303
3346
922
8422
3841
6093
4657
897
65
2149
2885
3864
2746
3268
2185
9249
1413
1176
3887
6028
4388
7051
9149
4991
8486
3910
5446
2166
1848
9262
4328
3597
3933
1928
9023
3793
861
1269
1450
3956
9717
3564
7786
1637
295
2313
3979
757
3645
1558
7704
1540
3741
4002
8662
7262
7341
790
1608
1957
4025
9587
174
5045
9753
1558
1317
4048
3476
2431
2019
5134
1516
2840
4071
2712
3305
9535
467
163
1251
4094
9401
9605
5244
4391
7284
2043
4117
756
3788
7939
1149
1421
5938
4140
3298
9304
4625
8483
9293
825
4163
679
2294
4105
6961
5652
8643
4186
4785
3487
325
6371
7164
6698
4209
4129
5018
429
7322
2074
3587
4232
2304
9311
5976
9856
1507
9487
4255
8655
3465
1091
2474
2477
8374
4278
2646
1940
550
9262
1535
1524
4301
3682
20
7335
7426
2417
5488
4324
6118
829
6805
2241
8732
114
4347
7317
7770
1458
9187
8295
8529
4370
3746
8283
2539
1605
9220
521
4393
4289
1447
5625
8479
7748
5398
4416
1881
7251
4640
338
7840
773
4439
4067
4972
8789
4355
6727
2609
4462
6506
4181
727
9987
7804
6724
4485
1488
2665
7326
2093
9456
5391
4508
1819
450
9940
3135
7066
1558
4531
1676
1893
6491
373
1414
242
4554
9440
2143
6237
6812
6580
1860
4577
9513
2064
6978
102
1260
4946
4600
1520
7310
3170
9016
5981
9712
4623
4071
5201
1481
4078
4295
5913
4646
9633
3244
7312
6267
784
3856
4669
1912
8999
7256
2252
8977
3666
4692
2526
8521
5114
3780
9752
9192
4715
906
6230
1069
7214
1297
662
4738
4137
8666
5666
2313
1721
3149
4761
2833
2311
775
1607
5370
8487
4784
9742
3850
5962
7234
1764
8810
4807
2265
8762
4328
9580
2512
1392
4830
5118
934
8691
538
577
6982
4853
9332
5671
3425
6695
6176
1778
4876
9082
2005
7445
6063
598
7346
4899
1946
5792
7182
3644
8595
8191
4922
1652
7553
147
5156
7393
3945
4945
8444
357
6255
7432
7637
9486
4968
3197
7916
6734
1716
8181
8107
4991
8976
2715
3212
2404
7153
3000
5014
1514
842
902
4656
6414
184
5037
391
1573
4202
1117
7328
5714
5060
2113
4789
7758
1523
6744
6370
5083
5492
4706
8337
5638
9168
1357
5106
2118
2371
6980
2364
9932
2452
5129
7595
6256
1529
1747
4039
5840
5152
3089
4484
2271
341
6103
4829
5175
4478
9911
2897
1914
2879
4305
5198
3530
8366
8866
2562
258
1377
5221
8543
5415
8339
4308
3101
6604
5244
5537
2584
6849
6977
1111
604
5267
4140
7440
6843
3347
9115
1656
5290
4219
2656
4065
8264
2121
4832
5313
6208
4289
9993
5403
8032
6476
5336
6446
652
2295
6956
4301
7423
5359
6152
2801
5053
4102
7320
9653
5382
8232
8319
223
4088
1693
2583
5405
7974
427
4173
8738
3180
1664
5428
7860
5171
7876
6446
4563
960
5451
3808
5239
7852
2300
7570
9729
5474
1853
9143
1391
3272
6437
1735
5497
5288
6965
5513
3880
2358
734
5520
3804
9172
7900
8235
5069
2984
5543
2140
9304
804
823
7748
3883
5566
3319
8227
478
8054
7776
7271
5589
3070
9836
2005
6306
791
6095
5612
1178
7849
2053
1656
4176
9245
5635
9927
8473
5684
5534
8931
4209
5658
1868
4984
3450
6971
2912
8213
5681
8856
5032
7793
9187
4713
4672
5704
6446
6542
9339
8048
4306
6571
5727
4034
2707
5751
1166
128
8662
5750
1522
5635
6501
2365
9125
3380
5773
2696
8864
8148
6100
9459
1074
5796
5143
8315
6279
5863
5466
5196
5819
7564
5951
2161
9029
7342
9839
5842
5302
2073
2307
1796
5112
9117
5865
7887
9638
2109
5650
890
8043
5888
473
8190
9536
8214
6182
9037
5911
1209
6324
620
6323
3974
7017
5934
3022
1538
4545
2132
888
8969
5957
321
1550
8885
8488
3882
6559
5980
4158
4293
1174
9916
8950
6657
6003
2190
3685
4610
4561
5157
9949
6026
2702
4539
7504
8771
7918
8612
6049
1830
9234
3531
8520
8851
714
6072
8188
9985
4943
146
7857
3996
6095
3990
9741
1452
2097
346
2538
6118
4989
2964
4906
2012
760
9183
6141
9947
1094
1441
2651
4123
1874
6164
8166
7766
2508
5654
277
651
6187
6716
6047
2382
4292
929
1491
6210
9701
333
6969
2658
1226
4429
6233
1454
2792
363
1533
5077
4875
6256
5679
7496
3417
455
2669
9684
6279
2244
6860
1411
8659
7922
1477
6302
8766
5889
5331
6742
8288
1811
6325
9328
8100
28
3104
9814
2025
6348
2407
4926
7601
5913
8719
7725
6371
4761
4561
918
2144
7746
381
6394
1040
135
6090
1581
7403
6074
6417
4793
5844
1869
5204
7151
7377
6440
472
7226
5640
3399
871
7945
6463
6045
2704
5641
3655
4530
6700
6486
7901
5764
3168
7102
6604
8788
6509
230
5732
820
4834
9893
7435
6532
3410
6423
9475
6170
2890
2528
6555
2305
5805
3893
84
2940
3681
6578
5765
9276
1094
2925
29
8940
6601
2273
2062
7187
9132
193
6405
6624
4645
6417
9193
2151
4328
9801
6647
1833
6631
6837
6585
567
7403
6670
1593
2389
965
757
7374
1585
6693
4978
5415
8355
9824
2278
5240
6716
1814
1593
1420
5188
815
963
6739
3656
6827
2151
1833
2507
8456
6762
4160
6920
7329
5608
5776
2406
6785
7692
525
7672
5533
6442
8161
6808
5329
1171
3486
8359
392
2251
6831
2537
7133
796
2071
9787
3179
6854
5920
4940
9041
7833
73
5971
6877
2406
7825
8736
1875
1157
6869
6900
7198
2152
5428
3025
2310
1333
6923
2112
1585
4126
7551
8491
642
6946
1496
7825
3569
4556
3254
707
6969
7875
6905
3085
589
8771
7891
6992
2616
3272
9374
4461
8077
7265
7015
100
1198
403
4341
1784
4781
7038
869
1687
7665
1318
4050
5555
7061
2293
7106
750
1292
2885
3461
7084
1745
100
7871
7010
5693
9210
7107
8273
6091
894
283
2922
3296
7130
9634
1315
1976
1985
1901
8035
7153
7574
1892
1944
1425
7415
51
7176
2884
9487
5583
244
4583
6606
7199
956
5768
8958
2334
9240
2525
7222
4556
1977
7421
88
2620
3127
7245
4425
6039
278
1881
213
4586
7268
1185
3751
2260
2954
2331
2893
7291
6307
7058
7215
1561
3700
1
7314
4483
9135
8294
5684
7792
1017
7337
6995
4524
7225
3999
9158
1375
7360
2576
5240
2482
641
3833
6994
7383
5021
748
6043
2752
1394
8150
7406
6152
5718
570
7858
1543
2762
7429
8102
2632
6289
5791
7230
7587
7452
6217
7547
8099
8646
1506
3064
7475
8607
8818
5721
1073
8668
9721
7498
5813
990
7481
6216
1118
6165
7521
6989
4470
2990
1761
5491
4045
7544
1645
659
8319
8759
9485
5474
7567
7184
3608
458
6432
1152
4913
7590
5657
4252
8029
8020
4936
3949
7613
9693
412
249
6265
4803
3710
7636
7617
8658
7951
4921
4464
6346
7659
3464
7098
1729
5008
5626
1978
7682
8827
5939
1938
1602
1768
6146
7705
6485
5080
4793
2272
8053
9448
7728
5822
4137
9387
3253
536
5392
7751
6292
9235
9527
4971
7566
3601
7774
6848
1812
1295
955
4933
9702
7797
7040
3940
3235
5127
4066
6399
7820
728
1905
9564
7247
588
3254
7843
2329
9347
6752
6834
3520
115
7866
6201
7978
1379
5148
8434
8703
7889
5927
2268
6148
2277
7612
3384
7912
3814
7891
1283
951
1052
712
7935
5474
1249
3402
8702
9873
3248
7958
4068
894
7487
1134
8604
2512
7981
347
4011
4064
1231
1408
2613
8004
6039
7076
6219
1460
7804
7006
8027
172
9488
6619
5764
919
8284
8050
8645
3245
398
3473
5761
1756
8073
1889
3956
6176
475
1740
2747
8096
6965
5133
2075
6073
6679
4235
8119
4186
8573
2659
3904
8400
5324
8142
6405
2522
7818
7165
745
5478
8165
6110
8946
9010
7462
8567
1802
8188
7638
5745
2322
8996
7814
281
8211
2087
5371
7385
1142
5325
669
8234
2420
5949
5585
2153
8982
1865
1275
5905
3453
-2093
1302
1736
-1
2591
3505
481
4405
3300
-216
-14
3603
-1167
0
-1693
2220
4275
-27
-1493
1504
3894
6131
2893
1472
-40
6372
2099
-152
-438
56
7360
-53
3773
7057
0
5465
675
3490
-66
2760
2725
5271
4501
4547
-369
-79
-1495
3554
1698
-2125
1084
2879
-92
5379
3437
3014
6200
7298
4077
-105
-1088
721
-3
1621
2517
4832
-118
-352
6027
2051
4464
-168
-2109
-131
0
0
4245
-783
-2333
2067
-144
-1530
-1002
1069
7276
503
6229
-157
7228
669
1326
6724
1368
1534
-170
-1087
-2061
4856
6742
1488
136
-183
4191
4587
-1821
4465
2394
0
-196
-1819
109
-1432
-1665
0
3709
-209
1126
4090
1428
4380
6004
-72
-222
230
-1859
3057
3705
4712
6798
-235
-2486
1001
457
3987
7005
-646
-248
5419
0
7375
-1524
772
4572
-261
-291
-2383
6363
5779
2070
4410
-274
-257
5478
189
-1857
789
-1743
-287
339
5845
4641
-2185
2270
-1687
-300
-366
-787
5527
4606
5612
-823
-313
-867
5413
4528
5324
-1752
-2317
-326
788
1437
1947
4092
7421
-1159
-339
4555
-1964
367
1779
1918
6079
-352
4782
5532
5745
707
6386
2205
-365
5237
-962
7308
5674
519
1645
-378
-611
2610
7358
73
1457
-1874
-391
3681
-609
5854
5094
2655
3046
-404
5543
5316
3966
0
4381
-1769
-417
-2169
-1566
-1428
4881
-668
472
-430
-483
-260
-1696
5546
2104
4769
-443
6489
-1808
2
0
6305
2090
-456
3954
1799
4742
2256
148
-677
-469
348
1230
2520
-1727
1527
2525
-482
1180
3824
5285
-2406
5390
4851
-495
0
-78
2586
1792
5138
2683
-508
-1864
-2368
-566
5800
1058
5035
-521
1192
-2353
2857
2254
1565
6661
-534
5995
1946
1118
-1711
0
4853
-547
-1669
326
-920
-468
5945
-446
-560
-303
1917
4381
7176
5511
5828
-573
2172
4842
-1322
-800
-2303
-1619
-586
-355
1642
-449
497
5737
6415
-599
3527
7408
-2475
17
7402
3875
-612
4121
3717
4375
35
546
-1389
-625
-2003
4681
5060
4002
1421
2549
-638
-1288
-646
6400
3629
1612
-439
-651
-923
4730
2773
2155
7031
210
-664
-352
3658
-304
3066
-524
-1216
-677
-92
3467
-1603
-2115
7191
1900
-690
272
7039
4652
-182
6802
-2183
-703
2757
-1729
694
6264
7254
6986
-716
-168
4139
-500
6090
-886
2138
-729
7148
-1862
0
-755
2393
-629
-742
-1890
6606
7081
434
1222
1415
-755
3717
1075
5546
0
541
3273
-768
-1592
1284
-819
-1452
7156
2830
-781
-1876
4731
7380
2569
7101
3403
-794
4148
246
2707
4604
-1156
1503
-807
2475
1964
4515
6634
-514
7052
-820
-2301
-584
3439
444
124
4908
-833
-1352
6673
683
-228
7149
-1963
-846
-1132
7368
4598
-2279
0
-755
-859
7082
6833
1802
1803
-1297
105
-872
3952
4877
0
0
4173
4604
-885
-344
4198
2532
3106
5976
3932
-898
2665
-558
1350
5342
-1755
4801
-911
356
1518
942
7161
-1396
-1294
-924
-1039
3959
1710
5505
3009
3330
-937
775
4182
-590
6923
4018
0
-950
-137
5838
2568
2047
-1242
-1739
-963
-408
2498
2639
3683
4688
-1826
-976
998
4176
556
3806
-935
5160
-989
1575
7314
876
763
-269
-342
-1002
6150
4883
-19
703
-1480
6385
-1015
-2010
7435
2321
-1943
0
581
-1028
-2385
-80
2386
0
-1599
1961
-1041
3590
1837
-297
-1795
-1098
2293
-1054
7369
-222
-613
7114
-2395
5055
-1067
-2075
-2349
471
-1936
-471
6619
-1080
1138
-505
5864
2600
6695
2831
-1093
5381
1171
6088
3157
7143
0
-1106
2656
-113
-72
2044
0
-1532
-1119
0
4931
1958
6969
4372
3028
-1132
1409
148
2394
5405
-2229
4077
-1145
0
-1469
4588
4359
3391
-2288
-1158
5641
-2025
4941
0
1169
-62
-1171
-179
917
120
-1071
-2284
-109
-1184
-180
0
2961
-1009
-2053
0
-1197
5729
-617
-1052
3677
3928
2085
-1210
-182
-1117
7210
3155
-741
-1851
-1223
1707
4533
4538
0
4297
5894
-1236
7316
7141
6769
1232
-715
0
-1249
-452
64
5633
2597
7390
3100
-1262
1009
2964
5845
2797
3595
7156
-1275
-109
848
1973
0
4482
5824
-1288
-467
367
1688
3801
6010
3843
-1301
5057
-1463
4136
-1661
0
0
-1314
-758
3924
6177
-1050
5804
7227
-1327
-955
4557
7130
-1562
-606
1186
-1340
-249
2281
-5
5723
-1020
-2190
-1353
409
-1622
-2182
4721
-362
-1447
-1366
432
5750
6327
0
702
1284
-1379
3333
-849
4004
-2396
3943
50
-1392
-2109
6308
901
-386
4493
5886
-1405
5788
3162
-2220
0
2349
1669
-1418
0
1882
7278
626
2523
-290
-1431
1203
-229
-1088
4651
-2170
4977
-1444
-2368
1642
4388
5354
6404
5027
-1457
2385
-197
1512
-231
-2146
-2090
-1470
7298
3510
6934
3175
827
0
-1483
-2132
-1838
6526
3822
1524
-1364
-1496
4943
3992
2497
-2339
3330
6911
-1509
-2034
-1920
-546
0
2590
4926
-1522
2920
245
5236
1150
6609
0
-1535
-1050
3770
5677
4334
6845
-125
-1548
-1594
4313
5015
457
3620
1120
-1561
5576
3189
-1433
7378
3278
3113
-1574
-1621
6552
-1716
2761
4990
5029
-1587
382
3294
2879
3832
5559
6366
-1600
572
3868
3205
4332
4571
1670
-1613
4655
531
-370
6332
-961
3149
-1626
-2474
5450
-1339
6891
-1781
6847
-1639
1883
-1548
1069
938
1733
7396
-1652
2107
2089
4850
1023
1922
7291
-1665
5661
0
15
5866
5501
2515
-1678
-2219
1984
-207
2846
4263
0
-1691
5506
7159
-1422
1248
5184
845
-1704
-2473
342
5768
5605
7332
6625
-1717
2732
2036
1734
0
-1460
1962
-1730
4718
786
4875
-2290
1680
3313
-1743
231
6586
-1432
6690
-692
6110
-1756
5922
-1805
7020
1802
-974
3523
-1769
173
6676
4743
7491
-1606
5875
-1782
-965
2834
-1183
-485
0
-669
-1795
-2173
1659
2311
-1236
2155
3672
-1808
-1247
-873
-903
-2124
52
3174
-1821
5524
1764
5643
5978
4868
19
-1834
4318
5058
5188
971
6054
0
-1847
3889
5116
-806
-1784
5445
2116
-1860
759
5536
5696
37
4050
117
-1873
2120
-1927
3845
7488
1287
7206
-1886
-1199
2729
6680
-297
2496
-1705
-1899
-84
-2279
-219
6659
1130
4193
-1912
5711
-1444
4852
3777
-2370
5555
-1925
-1870
2100
0
7251
1721
7173
-1938
1938
7242
4925
-1904
0
-1853
-1951
-573
3700
2020
4050
5897
-1702
-1964
3786
-1155
-1528
-896
3024
4735
-1977
912
4076
-2155
-659
4244
544
-1990
-477
4350
7363
-1402
2766
1779
-2003
3724
6601
-1930
147
2270
-2243
-2016
-2457
-407
-2011
-162
0
7107
-2029
1399
5163
3593
5907
1836
6795
-2042
4920
7358
168
4372
4897
-1360
-2055
-1523
2704
-1615
157
4283
5070
-2068
375
-864
-1794
-182
-2235
-221
-2081
-1102
5452
4753
5731
1123
-520
-2094
822
-1930
-79
7296
-2458
-1904
-2107
6936
-1801
-2485
0
444
4059
-2120
6044
-2372
0
4990
825
-1347
-2133
5677
-1428
2927
7115
2000
5234
-2146
0
6252
-201
3910
-325
0
-2159
4088
-25
2800
-193
4109
0
-2172
-1072
653
676
5416
-1320
-2490
-2185
1622
-548
6187
4152
2991
2321
-2198
4431
-534
-797
-1881
0
7491
-2211
-1355
-887
779
970
7290
2515
-2224
-600
1482
5955
5633
1349
7092
-2237
-246
5651
1316
663
6835
2922
-2250
6462
2737
3719
-2070
2123
5154
-2263
7474
4715
-1636
6109
0
4869
-2276
-1564
4138
4306
1538
-1014
-656
-2289
2779
-1958
3131
-722
-201
3129
-2302
-307
132
3295
3124
349
1462
-2315
-2133
4857
5163
840
2379
0
-2328
-1091
-1456
-333
5672
3471
5501
-2341
989
-1442
2976
1306
-159
822
-2354
7073
0
3378
1625
1354
1199
-2367
-2063
552
-722
-380
7405
-627
-2380
2739
-2473
-196
5159
3663
-710
-2393
3772
3789
1728
-2438
-2189
-2379
-2406
-945
1061
3528
2997
0
7154
-2419
3032
775
7115
7330
-2347
4582
-2432
1377
6082
-2023
2963
2343
-1995
-2445
7436
6446
-789
-407
2543
-2215
-2458
23
1777
3867
5303
6156
1216
-2471
-2343
4194
6385
-586
-876
3444
-2484
935
3383
7118
7345
654
734
-2497
-198
934
7384
0
1867
4894
-2510
-1543
-304
2161
719
2588
-2434
-2523
0
-821
1546
4687
5493
6538
-2536
3413
5208
1664
743
1654
540
-2549
-1795
0
5317
156
688
7449
-2562
-529
-2485
6411
5550
7285
355
-2575
6622
5571
0
2567
126
1966
-2588
1876
1652
-1889
2627
0
-1441
-2601
85
5992
4262
5229
3232
-1519
-2614
-1826
6282
466
1034
-1844
-318
-2627
-762
4108
6613
1420
-1285
-736
-2640
0
2141
3624
-456
6045
2088
-2653
688
575
-825
2877
-563
-2389
-2666
1690
1783
5895
1742
-20
611
-2679
215
187
3748
1864
226
-558
-2692
5157
1278
-1914
-582
7121
-281
-2705
-1098
5771
-1266
6681
3172
6684
-2718
-2121
3516
-2075
4276
3436
-866
-2731
0
3568
1203
7279
-2157
-1047
-2744
5278
6723
-801
-2045
-389
230
-2757
4104
6465
0
3649
881
1822
-2770
1544
1832
3041
313
357
758
-2783
4199
3226
2697
-2334
2761
1830
-2796
2812
5618
1837
-810
4677
4248
-2809
1915
6598
7083
5242
7374
-1980
-2822
-630
956
1909
921
1365
825
-2835
3916
1422
1160
1856
1236
-709
-2848
6213
2859
89
4536
5087
-2467
-2861
-1359
7378
5446
-2166
769
5928
-2874
2078
-1259
4810
-1803
6369
-1998
-2887
-1087
-1173
-577
-576
5
1656
-2900
6279
1318
130
6028
1092
6819
-2913
1412
530
1708
3530
4152
102
-2926
0
5238
6591
-474
3043
-1994
-2939
4935
0
-2323
6274
525
-790
-2952
6022
3376
-1842
5273
1356
0
-2965
-136
984
-1965
1646
-1072
-2008
-2978
-2351
5128
921
-1681
6448
-257
-2991
2391
5676
-1036
2930
-834
426
-3004
-1230
6985
6400
165
4656
1046
-3017
967
-1083
1428
-390
5860
-2135
-3030
4828
4455
3968
2529
-1602
4464
-3043
1310
3189
5835
-2413
333
-1201
-3056
6377
2378
5588
0
4080
-1383
-3069
-472
3562
526
-2260
-553
-2282
-3082
1607
6006
1098
2106
4679
4798
-3095
717
4278
-195
4404
-1158
3115
-3108
5032
5582
-1725
7340
-1838
6693
-3121
-389
3652
-129
6397
5284
-1856
-3134
1575
6133
-48
3475
5614
1185
-3147
6136
7414
4000
-646
2462
-1116
-3160
0
2923
4534
-1968
0
5662
-3173
-1178
286
4730
-2271
4359
2312
-3186
-633
134
-233
-347
0
2127
-3199
-1329
6680
-2064
6687
3127
3233
-3212
-760
5085
-2353
-2163
-2029
3689
-3225
-66
2560
3753
-2122
3668
186
-3238
5546
7167
-1328
1535
-2410
-2378
-3251
373
6791
-1593
2363
4024
3158
-3264
0
4120
0
-648
6765
2979
-3277
-923
3254
0
4365
6395
2745
-3290
7291
6726
583
3627
4791
5258
-3303
-1102
-1385
6944
5567
4570
-2322
-3316
3059
1824
3788
4282
3375
2255
-3329
816
0
-1736
-1152
170
-50
-3342
4896
4944
3210
-941
-634
413
-3355
6404
241
-2017
6844
-1723
6997
-3368
3150
585
680
4221
-2385
-1834
-3381
5874
3350
-899
2217
7081
-2304
-3394
-945
-1977
5506
3101
374
1285
-3407
-635
4578
-1143
7429
5
6079
-3420
-3
4365
4246
-2372
4339
5536
-3433
-1092
6255
642
27
2077
1484
-3446
6986
3286
0
5004
6605
5079
-3459
-1573
-1153
-749
0
4873
-2087
-3472
625
4076
1488
857
-2059
-858
-3485
814
237
2948
-810
1171
-2004
-3498
-1671
615
870
3293
2351
3229
-3511
4754
4881
4367
1611
1870
6511
-3524
-374
-2445
6071
6463
1357
426
-3537
-434
-2114
-1883
-1111
4655
6678
-3550
3669
2750
1571
-1852
7215
5567
-3563
1890
98
4315
363
167
5729
-3576
0
6106
5194
6897
3315
-1278
-3589
-2432
3473
-933
4277
-834
2620
-3602
-1380
1330
823
3676
0
1953
-3615
1467
-1258
6598
6834
-540
2811
-3628
-2156
2289
1584
3681
-1840
2144
-3641
4994
-2129
6280
1842
-1724
4429
-3654
2573
-562
210
3983
2621
96
-3667
4135
0
6497
6858
2299
-1982
-3680
3874
723
-2022
6142
3302
-1308
-3693
512
5021
-1188
-127
-1288
-183
-3706
-1143
2019
3844
363
7346
992
-3719
5211
0
6066
860
2532
5309
-3732
5163
-243
310
5308
6151
0
-3745
-921
7210
6665
-1031
5726
1171
-3758
-411
3917
3166
-1365
5082
-915
-3771
1884
3881
1792
4842
873
4302
-3784
-782
2838
563
7048
7456
1663
-3797
0
-1717
-975
-1695
5918
1633
-3810
1525
565
-1641
1028
3399
3133
-3823
-2194
3220
0
2828
-1356
5083
-3836
0
-1764
-156
6601
4070
824
-3849
-2358
0
-1962
4090
6328
-1759
-3862
0
0
3661
-2473
6842
-1505
-3875
-2422
-1224
2078
6331
-1831
4345
-3888
5822
1267
-898
3307
7482
-2142
-3901
6761
2765
-1909
2502
410
4
-3914
2667
6764
-454
0
0
293
-3927
-2019
3614
-315
324
5201
3246
-3940
5768
3891
-1419
-1656
-2343
6675
-3953
3732
0
6739
743
1645
33
-3966
3401
-530
1041
-468
7214
2829
-3979
1384
5235
27
-1156
5965
2924
-3992
1721
0
2149
-1822
1245
5426
-4005
-2016
-756
6299
4701
1350
5019
-4018
-2051
6913
6914
-1223
2703
-384
-4031
3641
6988
-725
-911
4495
-66
-4044
4444
-926
-1319
1731
528
-1542
-4057
6991
0
4957
0
-2139
-826
-4070
-1904
6132
-2500
978
1879
4124
-4083
-631
4679
6292
-1367
4662
4199
-4096
0
383
-784
4756
4541
-2058
-4109
1283
-1624
0
1217
-1676
6650
-4122
3547
3776
5292
2681
-1234
2831
-4135
3063
500
-1730
-1559
-1698
0
-4148
-343
7266
-2448
-787
-985
6092
-4161
5173
134
4629
-795
3778
2052
-4174
-1335
-94
3037
-577
3137
948
-4187
-1243
6753
4211
-1948
-2004
7235
-4200
6499
1116
5634
1067
3352
5075
-4213
735
-1337
6877
3910
4016
1880
-4226
-1494
6716
1037
3485
2261
7439
-4239
-2313
1192
0
-32
-828
3900
-4252
-724
2258
427
4777
1155
1565
-4265
-2468
3989
-2369
2397
4222
5076
-4278
3304
-641
7311
464
1963
1423
-4291
-1486
-1314
4965
-1402
5674
7351
-4304
3677
896
-1798
-1739
4402
2529
-4317
-1818
2427
5385
5796
1881
-1409
-4330
0
-35
-2413
265
0
3492
-4343
1
1060
825
1752
-1621
1432
-4356
-998
-789
4514
-1561
-1050
907
-4369
0
5499
-987
6353
6768
5669
-4382
-714
-213
1197
1261
3941
3400
-4395
-587
3113
-859
-1140
-396
-418
-4408
4194
-2341
6334
-1177
0
0
-4421
-2337
-1609
6244
4664
1526
-2215
-4434
3783
-2447
5271
6981
5498
4931
-4447
0
5394
1127
3935
1794
-2461
-4460
-1165
1646
4525
3573
-85
-422
-4473
3386
-1426
-780
3074
7405
6267
-4486
2421
479
4927
3983
-1925
-3
-4499
4726
5167
1850
3604
-979
3817
-4512
4241
-230
-2239
3686
6493
0
-4525
0
7377
5912
-68
3124
2887
-4538
6160
2363
560
428
770
4094
-4551
-327
6736
3703
6333
6548
2159
-4564
2480
6799
-1964
2471
-1837
-964
-4577
348
3087
122
3788
4400
3119
-4590
5624
6280
154
0
3257
-989
-4603
784
0
4650
0
-682
5580
-4616
3136
6498
4517
2749
3142
1544
-4629
4059
923
453
4740
137
-2490
-4642
1332
5135
-2183
6537
1904
2821
-4655
-1799
0
-2419
2980
5170
1631
