100
104
106
110
111
112
116
118
122
123
124
125
128
129
130
134
137
138
140
141
142
143
152
154
156
157
161
163
165
166
167
168
173
174
175
176
177
178
183
184
191
193
197
199
201
203
208
209
212
215
216
221
222
229
233
234
237
239
241
243
244
245
247
253
254
257
260
262
263
265
268
271
272
274
278
279
280
282
284
288
289
292
296
297
298
300
304
305
306
309
311
312
314
316
319
320
323
329
330
334
338
339
341
343
346
351
352
353
355
356
357
358
359
364
367
368
370
372
374
375
381
382
384
386
387
388
389
392
393
398
400
403
404
405
406
408
415
417
418
419
420
421
422
424
426
427
428
430
431
432
436
437
438
439
440
441
442
447
448
449
451
453
454
456
459
462
463
467
470
472
475
478
479
482
485
489
490
493
495
496
497
502
507
508
509
510
511
518
519
520
523
524
526
528
532
533
534
535
537
540
543
544
545
547
548
551
552
555
556
559
560
562
563
565
569
570
574
580
581
584
586
588
589
590
598
600
601
608
610
612
615
616
618
620
622
623
624
625
627
629
630
634
636
638
642
644
646
649
653
655
657
658
663
665
667
670
671
673
676
677
679
681
682
683
689
692
695
696
705
706
707
711
713
715
720
721
727
732
733
740
742
749
751
752
756
760
762
765
769
770
772
774
776
777
779
782
783
785
786
789
791
793
796
797
802
806
808
810
811
813
814
816
817
818
819
821
822
823
825
826
827
834
835
838
839
840
843
844
845
849
853
855
856
858
860
862
863
864
866
872
876
878
879
880
881
884
885
890
891
894
896
899
900
901
905
907
913
916
920
921
923
928
929
939
940
941
943
948
953
959
962
963
964
966
967
973
974
976
980
983
992
995
997
