100
103
105
106
108
113
128
129
134
138
139
142
151
157
174
175
178
180
181
183
190
193
199
201
204
213
214
229
237
239
242
244
246
248
257
258
260
266
271
274
279
280
283
288
292
294
301
308
311
317
320
322
324
330
331
332
333
338
341
347
348
360
363
366
369
370
379
392
396
397
398
400
406
407
413
418
421
425
427
433
437
439
440
441
442
448
450
461
463
464
466
467
468
472
477
483
485
487
494
497
498
500
511
521
528
531
535
540
545
547
550
551
561
567
579
588
591
593
599
601
605
616
621
622
632
634
638
642
645
651
652
655
658
665
675
676
685
687
688
710
723
726
729
730
731
744
755
761
762
764
765
782
798
799
805
809
815
816
817
818
825
826
827
840
842
843
844
854
856
859
863
867
868
871
873
888
891
896
900
904
911
924
928
951
960
964
971
978
989
992
998
