101
102
103
104
105
106
107
108
109
110
113
114
115
116
118
119
121
122
123
126
128
129
130
131
132
133
134
135
136
137
138
139
140
141
142
143
145
146
147
149
150
151
152
153
154
155
156
157
158
159
160
161
162
163
164
165
166
167
168
172
173
174
175
177
178
180
181
182
183
184
185
186
187
188
189
190
191
193
194
195
196
197
198
199
200
201
202
203
204
205
206
208
209
211
212
213
214
215
216
217
218
219
220
222
223
224
225
226
227
228
229
230
231
232
233
234
235
236
237
238
239
240
241
242
243
244
245
246
248
249
251
252
253
254
255
256
257
258
259
260
261
262
264
265
266
267
271
272
273
274
275
276
277
278
279
280
281
282
283
284
286
287
288
289
290
291
292
293
294
295
296
297
299
301
302
304
306
307
308
309
310
311
312
313
314
315
316
317
318
321
322
323
324
325
327
328
329
330
331
332
333
334
335
336
337
339
340
341
342
343
344
345
346
347
348
349
351
352
353
354
355
356
358
359
361
362
363
364
365
367
368
369
371
372
373
374
375
378
379
380
381
382
383
384
385
386
387
388
389
391
392
394
395
397
398
399
400
401
402
403
404
405
406
408
409
410
411
413
414
415
416
417
418
419
420
421
422
424
425
426
427
428
429
430
431
433
434
435
436
437
438
439
440
441
442
443
444
445
446
447
448
449
450
451
452
453
454
455
456
459
460
462
464
465
466
467
468
469
471
472
473
474
475
476
477
478
479
480
482
483
484
485
486
487
488
489
490
491
492
495
497
498
499
500
501
502
503
504
505
507
508
509
510
511
512
513
514
515
516
517
518
520
525
526
527
528
529
530
531
532
533
534
535
536
537
540
541
542
544
545
546
547
548
549
550
551
553
554
555
557
559
560
561
562
563
564
565
566
567
568
570
571
572
573
575
576
577
578
579
580
581
582
583
584
585
586
587
588
589
590
591
592
593
594
595
597
598
599
600
601
602
603
604
605
606
607
608
609
610
611
613
614
615
616
617
619
620
621
622
623
624
625
626
628
629
630
633
634
635
636
637
640
641
642
643
644
645
646
647
648
649
650
651
652
653
654
655
656
658
659
660
661
662
664
666
667
669
670
671
672
673
674
675
676
677
678
681
682
683
685
686
687
688
689
690
692
693
694
695
696
697
699
700
701
702
703
704
705
706
707
709
710
711
712
713
714
715
716
717
718
721
722
725
726
727
728
729
731
732
733
734
735
736
737
738
740
741
742
743
744
745
746
747
749
750
751
752
753
754
755
757
758
759
760
763
764
765
766
767
769
771
772
773
774
775
776
777
779
780
781
782
783
784
785
787
788
789
791
792
793
794
795
796
797
798
799
801
802
803
804
805
807
808
809
810
811
812
813
814
815
816
817
818
819
820
821
822
823
824
825
826
827
828
829
830
831
832
833
835
836
837
838
839
840
841
842
843
844
845
846
847
849
850
852
853
855
856
857
858
859
860
863
864
866
867
868
869
870
871
872
873
874
875
876
877
878
880
881
882
883
885
886
888
889
890
891
892
893
895
896
898
900
901
902
905
906
907
909
910
911
912
913
914
915
916
917
918
919
920
921
922
923
924
925
926
927
929
930
931
932
933
934
936
937
938
939
941
942
943
944
945
946
949
950
951
952
953
954
955
956
958
959
960
961
962
963
965
966
967
968
969
970
971
972
973
974
975
976
977
978
979
981
982
983
985
986
987
988
990
991
992
993
994
995
996
998
999
