3
10
17
18
34
35
41
47
51
53
65
78
85
87
98
100
103
103
110
115
121
125
128
142
149
173
183
194
209
225
239
240
241
244
259
259
263
267
269
271
272
273
279
283
295
297
302
315
324
326
351
392
394
400
405
416
420
431
435
448
460
462
465
470
493
496
501
520
534
536
540
540
577
612
616
626
636
638
644
649
655
662
667
687
689
690
716
721
731
740
744
784
784
786
803
819
822
829
843
844
876
888
894
906
913
914
922
924
940
943
945
979
986
989
1000
1018
1041
1050
1071
1074
1078
1085
1104
1137
1146
1154
1154
1158
1167
1175
1176
1183
1194
1215
1225
1246
1246
1249
1260
1273
1280
1285
1298
1326
1360
1364
1367
1368
1378
1379
1380
1386
1388
1391
1397
1404
1418
1442
1446
1446
1447
1452
1458
1482
1496
1540
1542
1544
1548
1550
1565
1569
1570
1571
1579
1583
1584
1592
1599
1601
1618
1626
1630
1635
1643
1647
1664
1672
1676
1676
1680
1681
1715
1731
1751
1756
1764
1813
1821
1829
1832
1847
1850
1865
1885
1886
1889
1906
1907
1907
1920
1948
1960
1981
1981
1985
1985
1987
1994
2010
2032
2057
2059
2060
2065
2074
2085
2085
2093
2109
2110
2115
2117
2118
2132
2146
2153
2162
2162
2163
2179
2189
2198
2203
2224
2230
2236
2238
2239
2250
2251
2253
2255
2273
2294
2330
2342
2353
2368
2378
2390
2400
2401
2432
2462
2464
2464
2469
2472
2474
2475
2497
2499
2510
2518
2529
2530
2534
2537
2547
2567
2572
2583
2591
2608
2616
2636
2637
2639
2656
2673
2681
2684
2685
2688
2692
2705
2706
2709
2724
2730
2731
2734
2760
2777
2778
2790
2793
2799
2844
2844
2857
2872
2874
2887
2897
2898
2906
2906
2912
2918
2925
2947
2948
2952
2977
2980
2983
2993
3009
3019
3023
3025
3039
3043
3047
3049
3055
3057
3070
3076
3080
3080
3090
3110
3125
3126
3128
3163
3164
3177
3182
3200
3213
3218
3228
3230
3234
3237
3248
3256
3259
3266
3270
3286
3334
3340
3346
3349
3355
3380
3382
3383
3385
3395
3408
3414
3419
3419
3426
3427
3435
3440
3440
3452
3455
3467
3494
3508
3514
3530
3536
3551
3553
3558
3565
3567
3575
3582
3586
3588
3593
3594
3601
3608
3611
3645
3671
3686
3691
3701
3704
3709
3709
3724
3747
3754
3755
3757
3758
3762
3768
3769
3774
3794
3826
3827
3829
3858
3860
3896
3903
3906
3909
3909
3913
3915
3957
3969
3980
3987
3991
4000
4005
4006
4024
4059
4061
4107
4117
4126
4126
4128
4133
4137
4152
4159
4210
4237
4280
4299
4309
4316
4323
4325
4333
4343
4349
4351
4384
4389
4399
4402
4417
4433
4492
4506
4506
4507
4513
4517
4538
4551
4557
4561
4580
4603
4610
4610
4617
4646
4663
4669
4676
4683
4726
4755
4759
4765
4768
4790
4825
4866
4873
4876
4900
4905
4906
4919
4936
4940
4943
4944
4970
4974
4975
4985
4996
5010
5021
5032
5045
5047
5093
5105
5107
5125
5133
5144
5156
5174
5174
5186
5187
5212
5220
5239
5253
5254
5265
5274
5327
5332
5335
5350
5355
5364
5375
5416
5450
5456
5471
5485
5486
5488
5491
5495
5528
5541
5543
5545
5554
5583
5599
5608
5627
5644
5652
5675
5693
5694
5706
5710
5717
5734
5739
5748
5750
5759
5760
5765
5805
5810
5812
5831
5846
5847
5849
5850
5863
5867
5893
5895
5912
5920
5934
5963
5993
5994
5995
6018
6018
6020
6024
6030
6033
6038
6043
6044
6047
6049
6050
6059
6064
6074
6075
6078
6084
6089
6090
6090
6155
6165
6184
6185
6198
6211
6240
6243
6247
6248
6264
6271
6278
6290
6311
6318
6325
6332
6336
6338
6355
6357
6382
6397
6399
6415
6440
6444
6455
6461
6465
6465
6468
6503
6520
6531
6562
6588
6611
6612
6619
6626
6628
6650
6651
6654
6663
6669
6673
6687
6689
6697
6706
6729
6735
6746
6759
6759
6761
6772
6776
6776
6780
6787
6816
6822
6832
6836
6842
6848
6866
6868
6878
6888
6895
6981
6988
6995
6998
7002
7010
7020
7061
7074
7087
7095
7098
7104
7106
7117
7134
7135
7139
7141
7150
7151
7151
7170
7179
7187
7204
7209
7233
7244
7248
7251
7259
7264
7268
7269
7282
7283
7284
7290
7295
7307
7308
7311
7343
7360
7364
7371
7373
7381
7384
7385
7458
7466
7466
7467
7491
7506
7525
7537
7554
7555
7555
7557
7559
7566
7570
7596
7617
7635
7637
7647
7660
7691
7702
7702
7704
7711
7713
7738
7748
7750
7766
7770
7788
7791
7802
7805
7812
7818
7821
7829
7834
7839
7848
7849
7867
7872
7883
7896
7911
7913
7916
7925
7928
7928
7935
7936
7943
7948
7954
7955
7961
7969
7974
7983
8007
8007
8008
8020
8026
8032
8046
8049
8053
8065
8073
8087
8094
8122
8130
8134
8168
8172
8175
8182
8184
8188
8199
8207
8212
8214
8230
8251
8256
8264
8274
8284
8294
8297
8300
8306
8350
8366
8371
8389
8399
8403
8440
8441
8446
8482
8486
8498
8507
8509
8513
8516
8530
8533
8559
8564
8573
8579
8594
8594
8648
8656
8673
8689
8691
8701
8702
8711
8723
8724
8726
8726
8732
8735
8739
8746
8760
8767
8778
8786
8789
8816
8836
8837
8860
8861
8891
8894
8918
8918
8921
8926
8929
8936
8944
9011
9045
9048
9053
9055
9057
9061
9067
9090
9092
9118
9123
9128
9130
9131
9142
9143
9157
9165
9167
9168
9182
9188
9212
9213
9217
9274
9277
9281
9286
9287
9290
9301
9303
9322
9327
9338
9350
9358
9364
9378
9382
9385
9394
9403
9404
9421
9424
9435
9438
9446
9475
9477
9485
9486
9502
9507
9508
9527
9547
9563
9575
9587
9588
9596
9597
9602
9602
9616
9626
9652
9656
9674
9675
9714
9714
9732
9733
9757
9782
9792
9794
9796
9797
9819
9820
9824
9832
9833
9845
9859
9889
9919
9929
9937
9961
9967
9999
10002
10005
10014
10019
10033
10041
10042
10048
10051
10052
10054
10065
10095
10100
10101
10106
10109
10112
10123
10132
10140
10145
10179
10187
10209
10211
10225
10226
10244
10244
10260
10261
10271
10277
10292
10307
10323
10334
10335
10345
10348
10356
10363
10363
10364
10367
10367
10368
10369
10370
10385
10391
10404
10413
10415
10443
10490
10507
10524
10524
10524
10528
10537
10537
10539
10546
10558
10565
10566
10575
10578
10580
10587
10592
10603
10615
10615
10635
10661
10664
10672
10701
10703
10703
10708
10716
10736
10743
10744
10750
10753
10762
10765
10774
10774
10787
10795
10795
10818
10819
10831
10865
10870
10875
10875
10880
10890
10915
10928
10951
10958
10972
10973
10980
10986
11000
11005
11006
11016
11029
11030
11032
11059
11096
11118
11129
11151
11184
11185
11198
11198
11198
11200
11206
11218
11239
11239
11246
11251
11271
11275
11275
11286
11287
11299
11304
11319
11320
11321
11331
11338
11341
11344
11351
11353
11358
11376
11382
11392
11426
11443
11443
11449
11452
11466
11475
11477
11486
11499
11509
11517
11519
11534
11535
11539
11554
11570
11575
11588
11590
11597
11600
11605
11621
11643
11652
11670
11685
11687
11698
11725
11726
11731
11757
11757
11760
11764
11766
11775
11779
11786
11853
11855
11859
11867
11878
11884
11894
11902
11907
11910
11918
11920
11930
11932
11935
11947
11951
11953
11953
11979
12034
12034
12066
12087
12138
12140
12157
12158
12163
12168
12171
12205
12216
12259
12271
12273
12298
12307
12311
12312
12315
12316
12350
12361
12370
12398
12426
12429
12447
12452
12453
12466
12471
12477
12479
12481
12489
12496
12497
12523
12526
12538
12557
12604
12607
12609
12617
12640
12642
12647
12652
12664
12667
12674
12680
12680
12681
12682
12688
12695
12698
12705
12706
12728
12744
12746
12749
12761
12763
12768
12784
12786
12797
12802
12820
12827
12832
12843
12856
12862
12874
12879
12893
12902
12914
12915
12919
12922
12937
12941
12944
12944
12950
12974
12977
12978
12982
12994
13009
13011
13014
13017
13018
13024
13035
13077
13083
13084
13109
13110
13118
13120
13133
13140
13147
13151
13154
13169
13179
13182
13184
13191
13191
13218
13261
13268
13278
13286
13296
13316
13334
13344
13351
13364
13370
13378
13386
13406
13422
13423
13439
13446
13458
13466
13468
13468
13476
13481
13492
13529
13530
13539
13540
13560
13566
13579
13593
13623
13624
13628
13641
13643
13646
13685
13699
13702
13714
13724
13725
13738
13739
13752
13761
13788
13808
13809
13811
13839
13853
13856
13868
13897
13898
13902
13925
13926
13934
13935
13946
13962
13962
13973
13988
14005
14011
14017
14045
14048
14057
14070
14079
14084
14102
14112
14125
14132
14169
14182
14183
14184
14193
14208
14209
14209
14216
14233
14259
14260
14291
14301
14324
14339
14354
14367
14368
14381
14394
14397
14405
14413
14425
14431
14443
14477
14510
14530
14539
14558
14566
14577
14587
14612
14627
14628
14637
14638
14640
14644
14666
14708
14724
14735
14740
14745
14765
14785
14789
14798
14808
14810
14819
14835
14835
14836
14836
14841
14895
14896
14901
14912
14932
14936
14947
14950
14950
14953
14953
14970
14971
14973
14975
14989
14991
14996
14997
14999
15004
15013
15020
15024
15041
15095
15098
15102
15113
15125
15130
15131
15163
15198
15202
15206
15232
15232
15233
15239
15240
15246
15250
15308
15314
15337
15358
15366
15388
15389
15395
15406
15412
15427
15429
15439
15450
15477
15491
15509
15515
15528
15552
15564
15564
15577
15582
15592
15610
15619
15624
15640
15641
15687
15690
15696
15698
15703
15711
15713
15745
15747
15752
15774
15775
15778
15782
15788
15808
15823
15825
15826
15851
15907
15954
15958
15980
15982
15984
15993
15998
16002
16004
16030
16045
16051
16052
16064
16125
16144
16164
16166
16166
16172
16174
16208
16211
16213
16216
16219
16220
16242
16243
16261
16261
16263
16283
16285
16299
16302
16302
16313
16325
16330
16346
16377
16389
16392
16396
16399
16409
16415
16448
16452
16478
16486
16495
16495
16508
16509
16511
16512
16514
16516
16528
16528
16530
16531
16531
16531
16538
16551
16565
16566
16574
16576
16594
16619
16632
16657
16671
16697
16704
16713
16717
16724
16726
16733
16734
16746
16747
16751
16753
16758
16778
16782
16789
16793
16815
16816
16821
16829
16850
16852
16853
16863
16867
16896
16900
16901
16913
16924
16929
16938
16953
16961
16971
16981
16985
16988
17000
17013
17016
17023
17026
17028
17028
17029
17045
17048
17051
17053
17058
17064
17077
17078
17081
17089
17098
17110
17130
17139
17150
17153
17169
17171
17210
17211
17213
17221
17228
17234
17240
17255
17267
17271
17271
17277
17282
17288
17289
17295
17296
17298
17303
17311
17324
17327
17335
17357
17366
17375
17383
17384
17409
17430
17432
17440
17448
17451
17463
17464
17465
17468
17487
17503
17505
17522
17529
17550
17557
17560
17577
17585
17596
17607
17611
17613
17617
17619
17629
17629
17638
17647
17647
17648
17671
17673
17678
17684
17695
17716
17724
17757
17762
17776
17780
17785
17802
17806
17809
17832
17838
17850
17869
17870
17873
17878
17884
17887
17893
17897
17897
17902
17903
17918
17920
17937
17945
17946
17959
17978
17990
17993
18022
18034
18057
18076
18080
18089
18090
18092
18095
18099
18107
18108
18121
18122
18145
18153
18156
18163
18182
18192
18205
18214
18228
18230
18236
18275
18276
18291
18303
18303
18316
18319
18341
18350
18362
18368
18382
18399
18400
18414
18416
18419
18428
18438
18453
18471
18480
18493
18517
18536
18566
18574
18600
18627
18632
18633
18640
18644
18646
18651
18662
18679
18691
18725
18725
18742
18758
18764
18772
18808
18838
18838
18849
18849
18867
18869
18887
18892
18893
18893
18923
18923
18936
18940
18960
18982
19011
19020
19025
19029
19031
19073
19087
19098
19101
19105
19109
19113
19137
19151
19152
19172
19176
19180
19183
19188
19189
19196
19200
19219
19219
19234
19244
19247
19249
19249
19266
19269
19274
19280
19297
19304
19316
19337
19355
19386
19393
19394
19395
19407
19436
19469
19473
19491
19505
19510
19518
19521
19526
19534
19564
19566
19594
19600
19636
19638
19644
19654
19661
19666
19670
19686
19708
19717
19730
19751
19771
19802
19804
19811
19819
19838
19852
19863
19867
19874
19883
19894
19902
19905
19910
19910
19911
19918
19918
19919
19919
19942
19960
19971
19977
19996
20001
20012
20034
20049
20052
20065
20076
20077
20082
20118
20152
20153
20155
20161
20162
20163
20166
20186
20226
20228
20238
20242
20246
20248
20255
20271
20293
20325
20328
20340
20348
20356
20358
20374
20375
20405
20408
20429
20433
20436
20439
20441
20443
20452
20460
20474
20474
20492
20515
20517
20517
20532
20534
20535
20566
20578
20590
20594
20602
20618
20620
20626
20645
20651
20654
20657
20660
20663
20673
20699
20716
20722
20731
20732
20733
20755
20755
20760
20810
20812
20855
20859
20862
20869
20891
20892
20911
20915
20928
20940
20940
20977
20982
20984
20996
21026
21034
21038
21040
21041
21044
21048
21071
21077
21087
21089
21092
21093
21144
21154
21155
21185
21187
21194
21197
21216
21219
21221
21246
21247
21259
21271
21276
21284
21301
21305
21335
21336
21340
21379
21408
21425
21441
21442
21455
21459
21494
21494
21495
21498
21503
21511
21518
21527
21534
21536
21560
21564
21601
21607
21609
21610
21628
21628
21629
21639
21640
21643
21644
21654
21655
21655
21656
21669
21684
21716
21726
21726
21728
21729
21753
21766
21767
21791
21792
21795
21801
21816
21843
21860
21870
21901
21911
21931
21933
21939
21943
21949
21952
21960
21963
21978
22010
22012
22022
22036
22048
22061
22061
22081
22099
22103
22104
22125
22126
22141
22150
22174
22182
22184
22185
22187
22188
22197
22215
22224
22243
22244
22250
22264
22270
22278
22308
22312
22317
22332
22362
22375
22387
22390
22397
22403
22411
22412
22414
22422
22457
22466
22483
22485
22491
22506
22506
22507
22527
22530
22531
22539
22552
22553
22558
22563
22621
22624
22625
22637
22643
22651
22656
22661
22668
22680
22688
22704
22737
22739
22759
22800
22823
22824
22846
22856
22857
22877
22886
22903
22905
22931
22932
22941
22942
22951
22984
22988
22993
22995
22999
23014
23026
23036
23043
23055
23089
23104
23121
23127
23129
23129
23135
23143
23154
23175
23179
23181
23184
23188
23196
23203
23214
23241
23253
23265
23291
23299
23302
23308
23309
23313
23331
23339
23339
23353
23370
23377
23379
23386
23389
23389
23390
23400
23404
23405
23410
23419
23421
23440
23452
23473
23488
23506
23544
23546
23561
23589
23593
23600
23619
23623
23627
23628
23644
23653
23656
23661
23680
23685
23687
23713
23720
23722
23723
23724
23724
23727
23730
23748
23753
23767
23779
23781
23781
23808
23839
23854
23862
23865
23880
23898
23905
23907
23919
23925
23937
23961
23972
23990
24006
24041
24044
24050
24057
24109
24111
24115
24119
24124
24150
24171
24189
24190
24202
24210
24211
24229
24234
24249
24266
24268
24272
24284
24299
24299
24302
24326
24356
24362
24375
24385
24385
24385
24389
24409
24418
24447
24457
24458
24465
24468
24476
24488
24489
24493
24501
24520
24532
24534
24547
24547
24561
24561
24574
24574
24583
24584
24596
24656
24658
24659
24673
24679
24679
24682
24699
24703
24710
24738
24759
24776
24777
24802
24805
24808
24827
24831
24853
24857
24879
24882
24884
24934
24941
24943
24965
24967
24971
24998
25006
25015
25024
25033
25039
25070
25088
25100
25100
25103
25107
25114
25116
25131
25149
25149
25149
25166
25168
25168
25183
25211
25215
25217
25227
25242
25244
25253
25254
25269
25298
25307
25328
25330
25346
25355
25358
25371
25374
25379
25384
25393
25396
25403
25406
25408
25435
25438
25447
25453
25463
25465
25468
25469
25481
25491
25514
25545
25556
25575
25576
25577
25577
25579
25579
25588
25590
25603
25633
25651
25651
25652
25666
25666
25669
25685
25687
25693
25700
25707
25722
25725
25752
25755
25758
25762
25767
25781
25795
25799
25817
25824
25827
25837
25837
25844
25846
25846
25847
25853
25860
25864
25864
25867
25872
25923
25948
25963
25987
25996
26003
26020
26041
26049
26071
26085
26102
26103
26109
26127
26141
26146
26161
26162
26194
26227
26264
26265
26265
26270
26273
26273
26284
26299
26313
26318
26346
26350
26352
26355
26357
26357
26359
26364
26365
26374
26375
26384
26399
26410
26428
26441
26445
26455
26460
26466
26471
26476
26494
26496
26526
26536
26543
26546
26549
26557
26571
26573
26579
26582
26584
26584
26586
26610
26618
26618
26628
26632
26641
26642
26659
26663
26687
26712
26723
26724
26729
26736
26762
26764
26817
26818
26828
26829
26830
26864
26878
26878
26881
26882
26886
26895
26896
26912
26925
26941
26964
26970
26974
26995
26998
27009
27026
27080
27095
27104
27110
27124
27130
27144
27151
27154
27160
27160
27179
27185
27201
27222
27235
27251
27272
27276
27281
27285
27287
27288
27292
27294
27318
27319
27321
27323
27329
27338
27345
27358
27360
27404
27419
27420
27446
27453
27456
27470
27476
27479
27480
27511
27524
27541
27544
27549
27552
27554
27559
27560
27566
27582
27583
27595
27602
27604
27631
27636
27638
27708
27713
27727
27758
27800
27807
27808
27823
27835
27848
27848
27856
27856
27868
27892
27894
27894
27901
27925
27931
27949
27951
27966
27966
27971
27988
27991
27994
27995
28007
28029
28058
28067
28079
28094
28107
28107
28117
28126
28138
28152
28165
28182
28199
28202
28215
28239
28245
28270
28297
28297
28307
28340
28343
28345
28348
28359
28408
28431
28439
28448
28461
28467
28468
28473
28478
28481
28489
28506
28519
28532
28541
28544
28555
28575
28592
28596
28600
28611
28617
28632
28636
28643
28650
28657
28661
28672
28681
28699
28710
28728
28735
28735
28767
28776
28778
28783
28798
28805
28850
28863
28866
28873
28882
28885
28897
28899
28901
28913
28919
28948
28951
28952
28952
28972
28990
28997
29000
29002
29007
29014
29015
29030
29036
29041
29051
29061
29110
29115
29125
29127
29129
29138
29155
29160
29220
29225
29225
29227
29231
29238
29257
29295
29310
29314
29315
29330
29333
29340
29345
29371
29375
29396
29405
29417
29420
29428
29443
29453
29464
29465
29474
29475
29479
29490
29491
29505
29510
29510
29512
29519
29542
29545
29549
29551
29559
29559
29562
29595
29600
29617
29620
29642
29653
29655
29657
29662
29663
29666
29677
29679
29691
29700
29723
29725
29728
29731
29755
29761
29763
29767
29777
29786
29814
29818
29826
29832
29837
29851
29854
29862
29865
29866
29868
29870
29878
29884
29899
29907
29911
29925
29926
29931
29938
29942
29950
29953
29989
29994
29997
30004
30028
30033
30041
30060
30061
30063
30090
30091
30114
30117
30120
30141
30150
30154
30159
30162
30176
30180
30191
30194
30216
30219
30225
30232
30239
30269
30291
30300
30304
30306
30316
30344
30352
30360
30373
30377
30379
30381
30383
30388
30420
30449
30450
30464
30483
30530
30533
30544
30568
30576
30609
30609
30612
30614
30624
30643
30645
30671
30675
30697
30701
30706
30717
30729
30743
30750
30751
30769
30771
30775
30789
30797
30851
30854
30855
30888
30892
30899
30904
30919
30921
30927
30930
30934
30935
30943
30943
30966
30967
30975
30976
30994
31001
31003
31008
31022
31025
31031
31032
31036
31038
31055
31058
31066
31080
31106
31109
31115
31136
31140
31145
31146
31152
31183
31183
31206
31212
31213
31225
31241
31247
31283
31284
31297
31320
31327
31350
31351
31358
31366
31367
31376
31390
31422
31424
31435
31439
31451
31456
31461
31461
31468
31469
31479
31492
31502
31509
31519
31523
31553
31554
31594
31599
31604
31611
31628
31649
31671
31689
31721
31723
31741
31768
31776
31793
31803
31827
31837
31855
31855
31864
31865
31872
31879
31882
31919
31920
31943
31949
31953
31965
31983
31989
32041
32045
32054
32084
32117
32136
32142
32144
32152
32173
32224
32249
32250
32258
32271
32283
32294
32302
32303
32334
32334
32356
32367
32371
32374
32375
32379
32444
32454
32460
32460
32466
32478
32481
32484
32487
32495
32495
32496
32520
32527
32531
32537
32544
32547
32553
32565
32570
32572
32572
32573
32574
32583
32585
32586
32593
32602
32651
32660
32664
32669
32680
32687
32721
32738
32739
32744
32749
32760
32777
32777
32778
32792
32804
32804
32806
32830
32836
32841
32877
32898
32909
32931
32963
32963
32973
32974
32981
32997
33004
33018
33022
33076
33084
33095
33100
33132
33143
33143
33151
33158
33165
33167
33180
33190
33203
33223
33242
33258
33259
33269
33298
33314
33326
33329
33332
33333
33346
33373
33386
33386
33391
33391
33406
33407
33418
33421
33463
33471
33487
33497
33512
33513
33539
33545
33552
33561
33583
33599
33606
33622
33654
33656
33657
33657
33678
33685
33687
33695
33695
33705
33713
33725
33731
33731
33732
33747
33762
33775
33778
33782
33788
33792
33810
33815
33832
33839
33844
33870
33902
33918
33924
33936
33941
33971
33978
34004
34013
34020
34042
34051
34056
34062
34062
34071
34078
34091
34096
34100
34109
34110
34111
34116
34121
34125
34146
34150
34153
34160
34166
34176
34194
34196
34201
34214
34244
34259
34273
34277
34278
34287
34307
34308
34311
34316
34319
34321
34328
34330
34331
34337
34338
34344
34350
34371
34398
34404
34422
34433
34437
34462
34468
34493
34494
34500
34516
34531
34555
34557
34557
34569
34579
34610
34620
34626
34648
34669
34684
34693
34697
34701
34704
34716
34720
34724
34736
34748
34767
34776
34776
34791
34792
34793
34797
34799
34814
34823
34823
34824
34825
34837
34838
34838
34843
34855
34873
34880
34882
34927
34939
34946
34978
34988
34989
34996
35038
35042
35048
35054
35069
35071
35075
35076
35080
35124
35146
35148
35152
35161
35176
35181
35183
35216
35235
35241
35246
35250
35259
35270
35275
35275
35282
35301
35312
35314
35348
35391
35391
35404
35405
35415
35415
35419
35439
35452
35454
35455
35456
35467
35470
35475
35476
35489
35492
35493
35494
35511
35513
35524
35555
35566
35572
35574
35575
35578
35583
35583
35587
35588
35607
35621
35629
35634
35668
35668
35674
35692
35694
35700
35721
35721
35721
35737
35747
35747
35756
35758
35764
35767
35777
35783
35792
35808
35813
35818
35848
35853
35873
35894
35914
35917
35940
35940
35947
35950
35951
35977
35999
36031
36043
36045
36058
36065
36066
36078
36081
36085
36105
36127
36140
36155
36165
36188
36188
36201
36207
36218
36254
36272
36273
36277
36282
36297
36308
36310
36332
36357
36366
36368
36368
36376
36392
36394
36412
36458
36469
36479
36484
36495
36497
36499
36501
36504
36509
36521
36529
36559
36569
36580
36587
36599
36615
36615
36622
36624
36625
36633
36645
36667
36696
36722
36727
36742
36754
36754
36764
36772
36786
36788
36798
36812
36817
36828
36852
36852
36884
36917
36925
36928
36951
36971
36980
36982
36997
36997
37013
37021
37063
37088
37096
37097
37107
37132
37146
37160
37174
37177
37182
37185
37199
37202
37216
37219
37220
37220
37224
37235
37240
37257
37260
37271
37284
37310
37313
37316
37343
37345
37348
37356
37357
37368
37381
37406
37409
37439
37441
37445
37450
37453
37458
37466
37470
37477
37482
37492
37495
37496
37497
37512
37519
37520
37527
37554
37555
37561
37566
37582
37582
37591
37596
37596
37605
37612
37613
37624
37645
37649
37654
37660
37668
37671
37673
37677
37686
37705
37709
37712
37718
37725
37733
37735
37750
37753
37795
37804
37813
37830
37843
37845
37849
37859
37916
37917
37924
37943
37947
37948
37950
37958
37961
37970
38031
38057
38064
38082
38083
38086
38098
38107
38116
38118
38124
38134
38166
38170
38190
38191
38201
38201
38213
38221
38226
38247
38252
38255
38263
38264
38278
38299
38309
38320
38324
38325
38337
38337
38337
38348
38352
38362
38380
38396
38427
38440
38442
38445
38457
38476
38479
38492
38495
38505
38521
38531
38534
38554
38596
38596
38623
38627
38630
38633
38644
38662
38685
38708
38722
38727
38748
38763
38802
38830
38844
38845
38877
38888
38894
38914
38916
38936
38937
38958
38963
38974
38977
38991
38999
39018
39035
39040
39041
39074
39088
39089
39119
39133
39139
39160
39204
39207
39226
39250
39252
39263
39264
39278
39278
39288
39300
39303
39308
39308
39324
39328
39358
39361
39364
39370
39370
39371
39371
39372
39373
39373
39385
39388
39396
39420
39420
39425
39437
39442
39442
39464
39473
39474
39476
39487
39487
39493
39498
39510
39526
39542
39547
39550
39553
39559
39567
39575
39575
39580
39583
39594
39602
39611
39628
39636
39642
39655
39681
39683
39688
39695
39711
39730
39748
39766
39802
39803
39805
39807
39813
39830
39830
39840
39852
39860
39860
39910
39911
39922
39924
39927
39939
39953
39964
39965
39975
39979
39980
39981
39996
40020
40022
40023
40036
40053
40070
40085
40107
40107
40108
40118
40121
40122
40144
40145
40154
40170
40186
40189
40190
40193
40203
40233
40234
40249
40254
40269
40273
40283
40306
40328
40337
40355
40367
40373
40375
40378
40383
40387
40391
40404
40406
40410
40463
40501
40502
40509
40513
40515
40520
40527
40528
40540
40557
40560
40568
40601
40603
40608
40635
40637
40657
40664
40664
40678
40697
40711
40713
40713
40716
40746
40762
40786
40796
40802
40810
40830
40832
40838
40848
40853
40856
40857
40860
40890
40897
40899
40902
40906
40936
40940
40944
40947
40953
40957
40961
40971
40972
40978
40985
41002
41030
41033
41040
41057
41063
41095
41119
41123
41126
41127
41130
41139
41145
41166
41167
41193
41193
41202
41205
41211
41216
41226
41230
41232
41246
41256
41257
41265
41267
41269
41271
41280
41284
41286
41311
41322
41331
41333
41370
41372
41372
41382
41386
41396
41399
41407
41409
41489
41490
41490
41491
41513
41516
41525
41539
41545
41547
41547
41562
41567
41570
41579
41594
41597
41605
41606
41608
41613
41620
41650
41676
41682
41714
41721
41738
41751
41775
41782
41803
41818
41821
41823
41831
41833
41844
41849
41883
41894
41899
41916
41918
41932
41949
41962
41974
41977
41997
42012
42035
42039
42063
42070
42088
42089
42090
42095
42106
42107
42113
42122
42128
42135
42147
42152
42171
42173
42173
42188
42212
42214
42215
42223
42225
42247
42268
42278
42284
42285
42289
42293
42295
42325
42334
42336
42356
42359
42363
42364
42372
42375
42379
42412
42416
42432
42444
42447
42452
42463
42470
42477
42482
42488
42503
42551
42565
42600
42602
42614
42616
42628
42631
42655
42669
42694
42708
42716
42725
42727
42728
42776
42782
42783
42785
42790
42811
42822
42834
42843
42845
42852
42870
42890
42906
42925
42959
42959
42969
42974
42979
42999
43003
43003
43005
43011
43025
43037
43038
43040
43066
43071
43080
43088
43089
43103
43104
43112
43115
43130
43133
43136
43140
43164
43170
43186
43194
43197
43205
43213
43243
43255
43260
43265
43278
43301
43338
43361
43403
43416
43421
43425
43438
43440
43455
43483
43487
43532
43549
43558
43579
43604
43615
43616
43618
43631
43640
43654
43655
43673
43680
43692
43694
43708
43735
43735
43738
43744
43746
43766
43769
43770
43772
43772
43775
43778
43780
43780
43780
43784
43824
43825
43826
43828
43831
43838
43839
43869
43873
43877
43881
43889
43915
43918
43920
43930
43936
43943
43954
43968
43968
43972
43974
43975
43980
43984
43989
43990
44023
44024
44029
44039
44043
44053
44061
44068
44087
44091
44130
44132
44136
44155
44163
44176
44192
44222
44226
44231
44239
44240
44244
44245
44276
44291
44292
44316
44321
44344
44357
44365
44371
44384
44405
44416
44431
44443
44451
44452
44468
44473
44479
44484
44500
44522
44534
44534
44536
44537
44549
44549
44561
44566
44567
44576
44586
44599
44614
44618
44642
44644
44645
44649
44656
44668
44670
44688
44692
44699
44710
44711
44713
44715
44751
44752
44755
44757
44760
44795
44801
44806
44823
44829
44836
44847
44854
44859
44866
44867
44878
44880
44884
44893
44895
44922
44924
44925
44931
44932
44932
44954
44961
44979
44990
44991
45003
45024
45027
45029
45030
45031
45033
45042
45055
45080
45103
45109
45133
45138
45143
45144
45150
45156
45166
45177
45179
45220
45231
45262
45266
45286
45308
45309
45315
45334
45339
45348
45352
45363
45363
45369
45392
45395
45396
45406
45411
45419
45420
45452
45460
45466
45479
45494
45503
45527
45538
45550
45555
45589
45599
45600
45603
45605
45607
45611
45615
45618
45621
45633
45645
45648
45683
45687
45693
45701
45709
45721
45756
45758
45802
45806
45817
45821
45829
45848
45855
45856
45884
45884
45887
45887
45892
45905
45927
45934
45943
45945
45958
45964
45964
45967
45972
45986
45993
46000
46000
46001
46009
46010
46022
46027
46029
46039
46071
46086
46095
46102
46109
46134
46147
46148
46158
46170
46181
46188
46196
46204
46235
46245
46246
46257
46279
46285
46291
46304
46309
46313
46317
46333
46341
46347
46350
46354
46366
46393
46399
46417
46417
46426
46426
46445
46471
46499
46538
46542
46549
46554
46557
46560
46585
46589
46640
46643
46652
46656
46680
46716
46724
46727
46738
46742
46747
46758
46764
46773
46792
46797
46798
46807
46815
46825
46827
46829
46832
46841
46841
46848
46850
46862
46896
46899
46909
46925
46938
46946
46967
46993
46998
47000
47003
47004
47017
47085
47097
47100
47107
47115
47116
47138
47169
47176
47230
47235
47239
47257
47257
47265
47287
47290
47295
47297
47309
47319
47319
47331
47332
47350
47357
47365
47366
47366
47372
47377
47378
47387
47388
47409
47416
47421
47436
47461
47461
47469
47507
47509
47510
47541
47545
47555
47561
47572
47583
47585
47585
47589
47600
47616
47624
47627
47630
47636
47666
47669
47704
47740
47740
47741
47749
47762
47763
47768
47772
47773
47780
47783
47787
47790
47792
47804
47848
47852
47858
47863
47867
47887
47933
47941
47945
47957
47962
47968
47972
47985
47997
48023
48042
48045
48052
48054
48072
48083
48093
48100
48114
48123
48137
48143
48160
48167
48169
48175
48185
48206
48219
48219
48237
48238
48256
48261
48263
48268
48298
48322
48337
48392
48395
48399
48400
48405
48406
48407
48407
48419
48420
48426
48430
48432
48438
48441
48453
48461
48464
48466
48482
48491
48505
48508
48524
48533
48546
48552
48555
48566
48580
48590
48608
48615
48639
48649
48659
48693
48717
48737
48742
48743
48748
48748
48752
48804
48809
48813
48825
48842
48867
48875
48887
48905
48923
48926
48944
48947
48950
48956
48956
48959
48960
48976
48977
48984
48999
49001
49001
49003
49024
49024
49036
49039
49045
49055
49078
49105
49107
49115
49124
49129
49132
49154
49194
49198
49214
49215
49225
49227
49267
49272
49280
49281
49299
49316
49319
49348
49360
49380
49383
49384
49389
49393
49395
49396
49410
49411
49411
49422
49433
49440
49447
49462
49480
49532
49540
49547
49556
49582
49610
49614
49617
49646
49657
49661
49673
49678
49688
49696
49700
49734
49752
49779
49796
49802
49818
49825
49842
49858
49866
49868
49870
49873
49886
49892
49910
49910
49915
49925
49927
49933
49935
49952
49957
49970
49974
49977
49985
49996
50002
50005
50030
50039
50040
50046
50050
50056
50057
50064
50074
50083
50100
50105
50110
50134
50135
50137
50141
50142
50189
50199
50207
50215
50216
50223
50230
50233
50253
50267
50267
50268
50268
50275
50276
50278
50289
50290
50291
50305
50323
50341
50348
50368
50385
50392
50408
50421
50428
50439
50451
50477
50486
50487
50505
50520
50523
50538
50558
50569
50588
50606
50610
50618
50635
50641
50643
50658
50665
50673
50685
50689
50718
50736
50771
50773
50776
50782
50807
50811
50830
50887
50900
50909
50910
50933
50938
50944
50953
50963
50965
50973
50984
50990
50991
51004
51014
51021
51025
51034
51040
51048
51055
51074
51092
51132
51142
51153
51154
51155
51165
51174
51181
51193
51210
51211
51248
51255
51275
51275
51293
51295
51309
51321
51333
51341
51346
51359
51384
51410
51416
51419
51433
51454
51457
51462
51463
51531
51532
51540
51545
51554
51598
51598
51601
51621
51627
51634
51635
51642
51658
51701
51704
51708
51713
51714
51728
51729
51739
51753
51753
51795
51803
51806
51807
51814
51821
51824
51833
51835
51839
51861
51883
51884
51885
51895
51911
51915
51922
51924
51937
51948
51950
51968
51992
51994
51994
52014
52032
52064
52070
52097
52108
52109
52123
52130
52136
52151
52151
52178
52190
52200
52212
52216
52217
52228
52237
52265
52268
52285
52286
52289
52291
52298
52300
52301
52308
52336
52339
52345
52370
52388
52389
52391
52406
52408
52412
52421
52435
52456
52475
52487
52499
52500
52504
52521
52545
52551
52561
52593
52599
52600
52601
52604
52619
52622
52622
52635
52643
52645
52653
52676
52684
52694
52694
52702
52703
52756
52764
52765
52769
52774
52778
52786
52789
52799
52800
52807
52809
52813
52821
52824
52825
52829
52833
52838
52840
52845
52856
52863
52865
52883
52885
52898
52912
52918
52956
52964
52965
52969
52976
52978
52988
52992
52992
53014
53028
53077
53088
53089
53090
53098
53100
53112
53139
53146
53153
53159
53175
53221
53230
53246
53249
53259
53283
53283
53285
53289
53305
53308
53312
53316
53324
53324
53344
53352
53363
53367
53371
53373
53387
53392
53406
53410
53419
53424
53443
53444
53445
53451
53458
53476
53484
53489
53513
53522
53534
53546
53569
53581
53585
53590
53599
53605
53615
53620
53628
53629
53638
53658
53678
53680
53687
53692
53697
53716
53733
53735
53737
53737
53754
53756
53763
53763
53765
53794
53794
53802
53810
53811
53814
53815
53818
53829
53830
53841
53843
53855
53862
53874
53875
53892
53926
53935
53975
53977
53988
53988
54003
54005
54007
54033
54034
54043
54067
54068
54074
54079
54085
54092
54098
54099
54109
54119
54135
54136
54145
54147
54151
54163
54177
54179
54186
54189
54200
54202
54204
54223
54226
54234
54243
54252
54268
54273
54276
54276
54286
54292
54293
54294
54302
54310
54310
54320
54322
54329
54330
54346
54353
54356
54363
54376
54389
54401
54405
54413
54413
54423
54431
54432
54438
54478
54486
54488
54495
54501
54511
54516
54524
54528
54536
54557
54557
54568
54594
54601
54605
54607
54610
54615
54621
54626
54644
54645
54677
54678
54689
54707
54721
54721
54722
54745
54750
54753
54757
54772
54772
54776
54779
54781
54797
54809
54835
54836
54840
54842
54845
54858
54891
54930
54933
54934
54961
54971
54980
54983
54992
54995
55008
55012
55018
55021
55023
55023
55036
55036
55043
55065
55071
55080
55080
55092
55107
55110
55112
55121
55141
55145
55150
55152
55152
55162
55175
55194
55206
55214
55215
55221
55243
55245
55250
55252
55255
55271
55284
55294
55298
55304
55308
55337
55341
55352
55354
55355
55358
55386
55392
55404
55409
55448
55457
55464
55466
55483
55503
55516
55525
55537
55542
55547
55552
55561
55561
55565
55572
55574
55576
55576
55579
55587
55590
55607
55609
55615
55619
55622
55646
55646
55658
55659
55661
55689
55690
55702
55708
55717
55741
55756
55773
55783
55783
55801
55809
55816
55825
55842
55845
55863
55880
55886
55911
55918
55960
55964
55964
55968
55970
56000
56024
56044
56052
56052
56061
56064
56069
56070
56081
56086
56090
56097
56110
56131
56132
56139
56182
56204
56208
56224
56224
56240
56242
56247
56258
56261
56275
56279
56285
56285
56289
56290
56298
56306
56316
56328
56341
56349
56354
56389
56396
56403
56415
56417
56422
56425
56431
56443
56445
56453
56455
56464
56470
56498
56500
56501
56521
56522
56534
56535
56545
56545
56546
56552
56554
56559
56567
56567
56573
56575
56583
56590
56592
56604
56610
56622
56636
56637
56648
56650
56650
56680
56685
56687
56688
56697
56700
56715
56726
56744
56748
56772
56774
56774
56776
56780
56790
56799
56804
56809
56812
56819
56820
56841
56878
56901
56902
56905
56914
56918
56940
56942
56952
56970
56994
57003
57023
57024
57050
57059
57059
57061
57062
57094
57100
57121
57125
57150
57151
57153
57153
57154
57167
57182
57190
57225
57234
57238
57239
57240
57241
57242
57246
57251
57276
57282
57299
57303
57314
57314
57318
57359
57361
57385
57389
57391
57394
57405
57412
57432
57438
57458
57467
57476
57477
57481
57486
57487
57505
57505
57508
57515
57518
57528
57558
57564
57581
57585
57591
57598
57603
57607
57630
57646
57653
57654
57656
57670
57681
57682
57692
57700
57746
57752
57758
57775
57779
57781
57789
57790
57802
57803
57823
57831
57848
57853
57862
57864
57886
57906
57921
57926
57930
57963
57979
57989
58003
58005
58017
58021
58026
58028
58030
58038
58059
58066
58072
58072
58075
58078
58099
58108
58118
58165
58170
58174
58179
58205
58231
58238
58242
58253
58284
58309
58314
58316
58319
58329
58332
58332
58347
58357
58365
58366
58369
58386
58387
58390
58401
58406
58415
58424
58434
58451
58455
58462
58466
58466
58482
58482
58497
58503
58504
58547
58556
58571
58575
58599
58601
58611
58613
58613
58617
58621
58639
58661
58663
58678
58679
58684
58708
58711
58744
58747
58766
58769
58772
58772
58777
58781
58785
58810
58811
58824
58827
58829
58831
58866
58866
58867
58869
58870
58877
58878
58892
58903
58905
58918
58924
58932
58934
58946
58947
58948
58957
58961
58967
58969
58971
58971
58975
58984
58992
58994
59001
59018
59025
59031
59033
59042
59053
59059
59091
59095
59125
59127
59133
59143
59144
59151
59157
59169
59182
59187
59221
59234
59239
59285
59286
59294
59299
59305
59328
59347
59359
59380
59409
59417
59448
59456
59457
59483
59497
59507
59511
59526
59526
59536
59546
59557
59557
59567
59592
59650
59656
59662
59663
59665
59666
59680
59705
59713
59727
59742
59765
59785
59796
59814
59830
59830
59836
59837
59860
59879
59883
59886
59894
59913
59923
59932
59932
59934
59938
59956
59958
59964
59967
59977
59980
59981
59987
59988
60023
60032
60042
60046
60051
60064
60087
60093
60098
60098
60103
60107
60108
60130
60133
60143
60147
60154
60167
60179
60183
60190
60200
60202
60211
60211
60217
60224
60232
60232
60242
60254
60256
60274
60285
60289
60294
60298
60301
60306
60308
60312
60317
60332
60334
60351
60352
60365
60375
60386
60397
60399
60416
60420
60421
60421
60430
60433
60433
60437
60439
60442
60449
60451
60474
60475
60489
60508
60509
60513
60514
60517
60522
60536
60564
60568
60575
60586
60607
60617
60620
60624
60634
60638
60639
60654
60660
60671
60681
60694
60700
60704
60713
60714
60740
60757
60758
60759
60768
60769
60795
60819
60824
60845
60847
60848
60852
60859
60879
60907
60938
60960
60969
61000
61013
61019
61025
61028
61039
61046
61097
61113
61118
61119
61135
61136
61177
61213
61216
61226
61229
61235
61242
61264
61268
61324
61341
61342
61342
61348
61354
61375
61392
61392
61412
61424
61437
61451
61454
61456
61462
61484
61492
61508
61518
61518
61518
61526
61534
61543
61551
61558
61559
61575
61577
61586
61595
61595
61597
61600
61604
61610
61614
61614
61631
61634
61654
61659
61671
61671
61672
61673
61689
61689
61735
61750
61762
61775
61793
61800
61802
61814
61843
61843
61844
61856
61858
61879
61884
61891
61893
61917
61919
61921
61943
61952
61955
61960
61961
61991
61993
62038
62041
62051
62085
62094
62097
62115
62132
62136
62136
62143
62154
62161
62166
62170
62181
62181
62182
62184
62214
62223
62250
62255
62257
62261
62280
62283
62290
62316
62323
62352
62361
62370
62396
62400
62407
62416
62454
62493
62537
62541
62545
62547
62563
62566
62569
62570
62581
62586
62613
62622
62642
62649
62651
62658
62663
62665
62677
62687
62695
62696
62699
62705
62712
62725
62732
62756
62763
62768
62795
62803
62815
62835
62836
62860
62876
62880
62883
62902
62912
62917
62932
62934
62944
62971
62998
63000
63005
63005
63006
63019
63031
63047
63062
63076
63077
63086
63098
63113
63117
63129
63130
63134
63141
63157
63161
63169
63183
63193
63195
63203
63214
63214
63214
63231
63235
63263
63269
63299
63304
63309
63314
63327
63331
63385
63408
63410
63434
63463
63473
63476
63479
63482
63499
63506
63532
63534
63540
63543
63544
63557
63567
63567
63648
63649
63662
63664
63666
63674
63682
63687
63696
63743
63750
63758
63768
63821
63849
63859
63859
63868
63869
63898
63902
63916
63933
63936
63944
63947
63965
63986
64023
64061
64099
64127
64134
64141
64184
64205
64211
64230
64234
64236
64248
64256
64258
64287
64288
64292
64315
64345
64353
64369
64381
64382
64407
64408
64419
64433
64435
64439
64450
64453
64453
64456
64461
64466
64478
64494
64501
64505
64532
64538
64558
64560
64566
64566
64582
64584
64628
64630
64633
64635
64642
64646
64653
64670
64681
64681
64683
64686
64688
64708
64714
64733
64752
64752
64755
64783
64786
64788
64813
64820
64825
64828
64840
64846
64850
64859
64863
64863
64877
64890
64914
64917
64922
64936
64943
64974
64980
64981
65001
65032
65033
65038
65046
65062
65067
65073
65087
65118
65121
65123
65133
65139
65145
65151
65158
65181
65205
65207
65238
65242
65244
65250
65256
65266
65271
65272
65279
65293
65298
65319
65321
65343
65356
65357
65358
65363
65366
65393
65394
65396
65398
65398
65400
65405
65436
65438
65442
65450
65452
65470
65479
65492
65495
65497
65500
65500
65502
65510
65510
65517
65524
65525
65540
65543
65545
65565
65566
65570
65571
65571
65576
65581
65585
65587
65635
65659
65667
65667
65669
65683
65692
65716
65751
65757
65765
65832
65856
65867
65873
65877
65877
65877
65880
65882
65886
65895
65902
65904
65912
65918
65924
65929
65949
65960
65988
65997
65998
66006
66006
66020
66024
66025
66029
66032
66033
66045
66045
66047
66079
66083
66090
66094
66117
66119
66120
66147
66161
66198
66201
66202
66212
66234
66245
66246
66252
66261
66277
66302
66315
66324
66336
66363
66376
66377
66380
66386
66389
66390
66395
66414
66438
66458
66468
66488
66488
66496
66498
66502
66505
66525
66531
66543
66546
66555
66561
66561
66586
66591
66592
66621
66623
66626
66626
66629
66640
66642
66645
66654
66655
66657
66660
66661
66673
66673
66686
66687
66714
66724
66761
66787
66794
66796
66798
66799
66807
66841
66847
66850
66861
66882
66884
66890
66901
66905
66905
66911
66933
66941
66950
66951
66973
66979
66985
66989
66990
66997
67011
67016
67017
67019
67036
67047
67051
67085
67092
67102
67112
67114
67122
67152
67154
67156
67170
67178
67186
67212
67213
67226
67247
67254
67268
67286
67290
67305
67319
67327
67330
67330
67336
67353
67354
67360
67392
67399
67409
67410
67410
67420
67436
67440
67450
67474
67491
67492
67508
67512
67529
67547
67560
67579
67585
67589
67592
67594
67600
67606
67618
67620
67655
67668
67672
67676
67770
67785
67789
67798
67814
67841
67859
67865
67870
67879
67885
67888
67894
67906
67926
67944
67947
67953
67955
67961
67975
67979
68002
68008
68029
68049
68055
68063
68069
68078
68079
68089
68102
68111
68137
68143
68146
68149
68155
68163
68190
68204
68224
68257
68279
68287
68312
68317
68322
68325
68338
68347
68366
68375
68379
68381
68381
68382
68417
68435
68437
68439
68474
68479
68508
68515
68525
68548
68553
68556
68560
68571
68572
68573
68576
68593
68596
68604
68627
68630
68631
68631
68650
68651
68670
68680
68685
68699
68719
68722
68732
68763
68768
68810
68825
68826
68837
68840
68857
68864
68870
68876
68880
68893
68904
68926
68942
68970
68971
68991
68997
69011
69015
69015
69015
69027
69030
69033
69033
69055
69055
69056
69063
69065
69082
69089
69096
69127
69160
69162
69173
69179
69195
69213
69217
69241
69244
69256
69258
69261
69271
69281
69281
69287
69289
69296
69297
69314
69316
69376
69378
69397
69398
69401
69419
69445
69454
69455
69456
69462
69464
69466
69472
69475
69484
69487
69494
69494
69533
69541
69549
69552
69554
69561
69565
69577
69578
69591
69614
69628
69631
69631
69633
69647
69661
69710
69720
69741
69758
69771
69772
69772
69776
69783
69783
69809
69809
69812
69814
69820
69822
69826
69834
69835
69852
69856
69894
69902
69911
69925
69937
69937
69938
69943
69959
69965
69974
69988
69990
70001
70003
70024
70029
70049
70081
70083
70087
70118
70122
70127
70128
70140
70145
70149
70153
70154
70159
70161
70163
70177
70182
70190
70192
70249
70254
70275
70278
70287
70303
70304
70306
70326
70341
70351
70359
70365
70387
70428
70439
70445
70453
70453
70493
70497
70497
70502
70508
70509
70509
70516
70518
70525
70526
70528
70536
70538
70541
70557
70574
70578
70588
70591
70593
70607
70607
70613
70648
70649
70654
70663
70676
70681
70692
70693
70705
70707
70717
70717
70725
70785
70792
70798
70819
70827
70827
70832
70833
70836
70856
70872
70877
70915
70919
70922
70946
70948
70952
70967
70994
71012
71024
71035
71064
71064
71078
71081
71117
71118
71120
71125
71129
71134
71138
71144
71163
71163
71168
71170
71185
71202
71231
71239
71239
71247
71256
71259
71289
71301
71306
71310
71312
71317
71340
71340
71342
71342
71351
71354
71365
71369
71375
71379
71409
71416
71419
71426
71435
71458
71461
71465
71483
71485
71488
71494
71503
71507
71517
71524
71548
71553
71572
71619
71621
71646
71651
71657
71671
71684
71701
71706
71718
71727
71771
71776
71780
71792
71810
71813
71816
71839
71846
71857
71860
71865
71884
71902
71915
71915
71920
71922
71922
71941
71943
71945
71950
71955
71981
71990
71991
71998
72012
72021
72029
72044
72049
72068
72070
72078
72083
72084
72109
72112
72114
72118
72147
72147
72148
72151
72181
72185
72194
72203
72206
72206
72211
72215
72215
72230
72234
72234
72241
72249
72252
72291
72293
72293
72308
72308
72311
72313
72321
72338
72343
72346
72348
72430
72442
72476
72480
72481
72488
72512
72515
72519
72519
72560
72566
72566
72580
72586
72587
72607
72616
72621
72627
72636
72643
72644
72654
72655
72658
72688
72696
72702
72707
72711
72712
72736
72753
72754
72758
72763
72769
72793
72806
72823
72829
72831
72833
72863
72869
72899
72909
72923
72937
72940
72948
72955
72962
72964
72998
72998
73002
73008
73012
73020
73030
73048
73050
73055
73062
73063
73065
73076
73095
73098
73105
73115
73134
73135
73147
73148
73153
73172
73174
73188
73189
73233
73236
73248
73262
73266
73268
73278
73282
73283
73288
73293
73304
73306
73322
73323
73328
73334
73347
73348
73352
73361
73364
73371
73374
73384
73401
73404
73426
73429
73429
73450
73455
73477
73489
73498
73499
73519
73541
73546
73547
73550
73551
73552
73573
73573
73574
73585
73594
73604
73608
73609
73611
73616
73622
73623
73659
73689
73690
73694
73696
73704
73764
73771
73784
73785
73790
73794
73803
73806
73807
73807
73815
73824
73835
73840
73846
73854
73870
73877
73882
73889
73894
73899
73901
73903
73905
73953
73974
73975
73977
73977
73981
74006
74007
74033
74047
74069
74084
74088
74098
74117
74119
74121
74122
74123
74132
74132
74139
74143
74155
74166
74170
74179
74184
74192
74201
74217
74229
74230
74234
74238
74241
74244
74255
74278
74280
74300
74309
74310
74317
74357
74369
74370
74379
74382
74389
74391
74395
74421
74427
74446
74495
74511
74550
74590
74609
74616
74617
74627
74658
74662
74678
74728
74728
74744
74745
74752
74795
74799
74819
74822
74826
74826
74830
74850
74867
74870
74871
74889
74895
74904
74909
74934
74935
74950
74951
74952
74967
74974
74974
74982
74992
74993
75001
75018
75039
75040
75053
75055
75071
75072
75079
75084
75108
75124
75152
75153
75173
75183
75186
75201
75237
75250
75259
75276
75276
75284
75288
75291
75293
75306
75313
75318
75321
75322
75323
75332
75335
75345
75349
75351
75374
75375
75376
75399
75416
75437
75452
75454
75464
75475
75482
75496
75509
75514
75519
75528
75533
75534
75560
75568
75574
75579
75586
75593
75629
75632
75642
75647
75648
75672
75673
75682
75712
75741
75746
75756
75760
75762
75762
75763
75773
75775
75779
75791
75798
75835
75861
75861
75862
75869
75871
75874
75874
75878
75879
75881
75886
75888
75897
75939
75947
75956
75988
75992
76017
76018
76018
76040
76047
76049
76063
76089
76107
76112
76141
76148
76157
76159
76160
76162
76172
76203
76208
76216
76223
76226
76240
76242
76242
76262
76266
76271
76272
76295
76296
76296
76304
76308
76311
76316
76318
76325
76327
76327
76330
76351
76360
76362
76395
76396
76416
76418
76418
76423
76426
76436
76439
76440
76441
76444
76489
76490
76496
76501
76504
76505
76507
76509
76510
76529
76541
76544
76549
76563
76564
76575
76576
76580
76622
76627
76644
76651
76678
76699
76701
76709
76720
76770
76783
76785
76786
76810
76810
76815
76816
76823
76856
76858
76866
76874
76880
76923
76923
76940
76944
76954
76982
77029
77055
77061
77064
77071
77077
77090
77113
77113
77127
77172
77176
77201
77207
77220
77246
77275
77284
77298
77306
77318
77330
77344
77346
77366
77368
77368
77374
77408
77412
77425
77427
77440
77442
77450
77461
77477
77491
77494
77521
77522
77541
77548
77552
77552
77562
77583
77589
77596
77601
77605
77609
77621
77621
77625
77639
77644
77647
77648
77659
77673
77676
77679
77681
77689
77690
77695
77704
77709
77719
77725
77791
77803
77813
77831
77832
77864
77866
77879
77888
77888
77894
77902
77914
77923
77941
77973
77975
77996
78000
78016
78021
78036
78039
78056
78071
78077
78082
78082
78092
78093
78093
78103
78112
78113
78121
78134
78134
78145
78147
78155
78159
78160
78161
78169
78170
78179
78185
78214
78223
78226
78263
78266
78266
78273
78288
78294
78299
78299
78309
78323
78323
78334
78340
78351
78352
78377
78392
78404
78404
78413
78424
78440
78443
78462
78464
78473
78473
78480
78487
78497
78512
78524
78526
78533
78538
78552
78572
78605
78608
78616
78648
78649
78676
78696
78714
78715
78716
78719
78731
78768
78772
78773
78774
78785
78785
78789
78813
78817
78818
78819
78823
78857
78874
78882
78885
78893
78895
78897
78905
78916
78950
78970
78970
78995
79011
79030
79038
79046
79071
79084
79104
79106
79136
79138
79145
79149
79175
79180
79183
79196
79196
79200
79239
79247
79265
79273
79274
79278
79321
79323
79324
79353
79358
79373
79419
79436
79473
79476
79499
79500
79517
79520
79522
79527
79529
79532
79539
79543
79547
79547
79551
79567
79578
79590
79593
79605
79614
79617
79618
79626
79627
79635
79637
79653
79667
79695
79715
79719
79722
79725
79727
79757
79762
79778
79787
79797
79804
79812
79816
79848
79849
79861
79866
79869
79882
79890
79920
79925
79946
79954
79964
79983
79986
79993
79994
79998
79999
80000
80005
80013
80020
80037
80052
80060
80061
80061
80079
80085
80118
80132
80149
80159
80167
80186
80197
80201
80206
80241
80262
80263
80290
80290
80293
80301
80307
80346
80349
80369
80391
80411
80428
80450
80457
80499
80504
80513
80521
80530
80545
80560
80567
80568
80575
80586
80602
80604
80607
80615
80619
80623
80624
80627
80652
80662
80668
80674
80688
80688
80702
80707
80718
80737
80758
80761
80761
80765
80766
80779
80785
80787
80791
80793
80794
80878
80880
80881
80902
80912
80922
80939
80973
81011
81012
81014
81014
81017
81023
81040
81044
81055
81064
81075
81075
81078
81081
81087
81088
81103
81106
81116
81125
81126
81139
81152
81158
81161
81164
81172
81177
81181
81183
81208
81208
81222
81229
81233
81234
81240
81245
81252
81258
81263
81263
81271
81290
81299
81303
81311
81318
81330
81345
81350
81384
81419
81427
81435
81438
81443
81448
81449
81459
81499
81500
81508
81508
81528
81529
81557
81564
81578
81583
81653
81653
81654
81655
81672
81702
81713
81742
81800
81813
81830
81836
81849
81856
81867
81900
81901
81921
81930
81937
81942
81945
81957
81960
81973
81987
82001
82003
82019
82020
82027
82049
82051
82072
82079
82083
82083
82108
82114
82115
82145
82146
82148
82152
82159
82168
82170
82186
82187
82190
82192
82197
82211
82223
82224
82229
82229
82235
82243
82248
82264
82300
82304
82306
82307
82326
82337
82349
82365
82365
82372
82373
82375
82389
82420
82457
82460
82466
82470
82482
82492
82530
82531
82567
82619
82621
82683
82694
82698
82700
82712
82713
82738
82740
82742
82765
82776
82777
82784
82789
82791
82802
82807
82816
82822
82836
82853
82854
82859
82863
82885
82904
82908
82929
82935
82938
82944
82949
82956
82958
82960
82975
82987
82993
82993
83009
83014
83018
83042
83044
83055
83055
83059
83064
83072
83081
83085
83089
83090
83095
83102
83117
83134
83147
83147
83149
83158
83176
83189
83195
83226
83239
83249
83264
83283
83285
83292
83296
83302
83336
83339
83350
83372
83385
83397
83398
83404
83413
83442
83451
83454
83455
83467
83474
83483
83493
83503
83521
83529
83531
83563
83587
83589
83600
83645
83649
83651
83671
83704
83712
83721
83731
83733
83735
83736
83757
83758
83768
83781
83786
83786
83790
83823
83824
83826
83836
83843
83855
83864
83864
83873
83889
83893
83896
83907
83912
83931
83939
83944
83959
83962
83972
83980
83996
83999
84001
84013
84037
84044
84053
84060
84060
84061
84061
84067
84094
84102
84104
84119
84130
84132
84149
84151
84152
84155
84159
84176
84180
84184
84193
84195
84202
84205
84206
84222
84244
84245
84255
84257
84268
84274
84276
84281
84297
84300
84318
84319
84326
84341
84341
84342
84358
84363
84367
84392
84399
84402
84436
84436
84452
84452
84455
84462
84477
84479
84488
84502
84507
84518
84523
84538
84578
84583
84588
84591
84593
84607
84609
84630
84637
84645
84689
84689
84699
84701
84715
84731
84744
84752
84771
84778
84781
84784
84788
84792
84795
84808
84815
84859
84866
84868
84874
84880
84885
84894
84925
84934
84956
84969
84992
85010
85016
85020
85022
85027
85035
85047
85047
85053
85065
85067
85089
85098
85105
85110
85113
85141
85146
85158
85166
85176
85188
85193
85195
85201
85202
85203
85226
85228
85242
85254
85261
85273
85275
85283
85288
85294
85295
85304
85311
85323
85341
85380
85396
85407
85422
85426
85426
85443
85461
85473
85483
85485
85494
85499
85499
85501
85530
85535
85560
85566
85584
85585
85599
85600
85622
85641
85646
85653
85661
85685
85708
85716
85732
85748
85768
85781
85782
85785
85803
85815
85818
85825
85833
85837
85849
85855
85870
85873
85924
85950
85950
85964
85969
85980
85980
85983
86003
86008
86033
86036
86038
86063
86090
86093
86105
86113
86119
86130
86138
86139
86140
86144
86146
86154
86162
86169
86176
86191
86192
86219
86220
86228
86229
86236
86247
86269
86270
86271
86275
86275
86286
86289
86293
86297
86325
86361
86382
86384
86435
86444
86448
86454
86457
86485
86497
86500
86537
86547
86573
86580
86590
86594
86595
86604
86610
86625
86646
86650
86652
86653
86661
86687
86688
86716
86726
86740
86754
86767
86768
86773
86785
86802
86813
86824
86842
86842
86850
86861
86866
86872
86878
86880
86884
86896
86914
86915
86928
86935
86936
86943
86951
86952
86964
86974
86984
86984
86987
86991
86993
86996
87013
87015
87016
87018
87023
87043
87052
87091
87100
87100
87114
87136
87138
87145
87162
87176
87198
87206
87239
87245
87307
87317
87349
87351
87366
87380
87385
87389
87390
87404
87413
87449
87453
87456
87457
87462
87464
87464
87479
87487
87491
87506
87546
87552
87553
87556
87557
87561
87567
87580
87590
87603
87609
87614
87615
87638
87670
87694
87696
87710
87728
87743
87751
87754
87756
87765
87774
87776
87782
87783
87784
87794
87808
87843
87843
87854
87865
87877
87879
87880
87883
87895
87898
87908
87910
87923
87924
87928
87934
87941
87944
87946
87974
87977
87983
87985
87986
88022
88051
88055
88072
88074
88087
88094
88098
88122
88129
88140
88144
88151
88158
88178
88183
88197
88218
88218
88232
88241
88248
88252
88259
88289
88290
88321
88324
88331
88337
88338
88349
88352
88361
88362
88383
88386
88407
88415
88418
88420
88429
88430
88432
88455
88466
88473
88476
88476
88477
88486
88486
88499
88506
88524
88528
88533
88533
88556
88569
88570
88590
88592
88597
88598
88601
88602
88641
88644
88651
88653
88655
88658
88669
88702
88702
88709
88712
88712
88721
88729
88729
88730
88747
88752
88772
88776
88776
88782
88806
88808
88812
88814
88823
88823
88831
88840
88853
88866
88883
88904
88910
88915
88918
88921
88950
88954
88965
88966
88980
88985
88989
88997
89009
89033
89037
89039
89048
89052
89062
89066
89069
89094
89119
89120
89125
89135
89141
89144
89150
89155
89160
89160
89178
89187
89200
89224
89227
89270
89275
89280
89289
89299
89310
89311
89314
89317
89322
89323
89326
89332
89335
89344
89350
89352
89353
89370
89388
89389
89417
89421
89438
89442
89445
89457
89461
89474
89481
89483
89484
89486
89504
89509
89510
89533
89548
89572
89591
89591
89596
89596
89608
89608
89616
89623
89628
89630
89631
89652
89657
89680
89683
89690
89705
89710
89714
89714
89715
89725
89731
89757
89757
89782
89790
89804
89805
89809
89815
89828
89870
89877
89894
89909
89916
89921
89923
89955
89958
89972
89973
89979
89980
89996
90004
90012
90014
90036
90042
90043
90076
90077
90090
90092
90118
90124
90132
90138
90153
90153
90183
90226
90228
90238
90245
90250
90251
90265
90288
90290
90298
90307
90326
90339
90350
90368
90373
90386
90418
90435
90440
90452
90459
90464
90472
90477
90481
90482
90484
90501
90506
90522
90525
90531
90532
90540
90541
90543
90545
90559
90573
90579
90594
90600
90610
90621
90632
90647
90649
90650
90653
90659
90676
90682
90698
90699
90729
90733
90767
90794
90804
90814
90818
90826
90839
90839
90869
90876
90882
90886
90888
90902
90915
90916
90924
90943
90946
90950
90951
90991
91009
91039
91048
91050
91071
91091
91098
91110
91112
91114
91114
91117
91129
91136
91160
91167
91187
91214
91222
91226
91230
91245
91246
91246
91256
91267
91280
91282
91292
91301
91316
91321
91337
91341
91343
91362
91377
91386
91392
91428
91428
91431
91443
91446
91447
91458
91470
91480
91509
91511
91519
91539
91572
91573
91575
91578
91579
91604
91616
91629
91631
91642
91643
91655
91678
91688
91690
91692
91702
91702
91713
91730
91741
91744
91749
91755
91765
91775
91795
91815
91837
91845
91855
91866
91866
91875
91883
91885
91891
91898
91904
91907
91924
91944
91955
91966
91989
91989
92003
92023
92033
92055
92057
92082
92099
92110
92116
92117
92120
92122
92156
92162
92162
92198
92211
92228
92265
92270
92284
92287
92302
92319
92323
92335
92337
92348
92365
92376
92379
92390
92390
92399
92399
92402
92402
92405
92426
92444
92486
92490
92508
92517
92536
92547
92580
92582
92601
92606
92607
92662
92684
92705
92742
92748
92760
92768
92772
92791
92792
92793
92796
92802
92807
92807
92829
92831
92878
92881
92885
92902
92907
92911
92912
92923
92930
92931
92937
92962
92966
92968
92969
92977
92981
92989
92993
92998
93010
93014
93020
93021
93022
93028
93029
93030
93037
93048
93053
93067
93068
93078
93081
93081
93094
93106
93128
93145
93152
93154
93166
93167
93174
93184
93185
93187
93201
93201
93210
93229
93239
93263
93304
93321
93330
93354
93357
93365
93386
93389
93409
93413
93421
93429
93432
93444
93450
93450
93456
93475
93484
93486
93493
93498
93505
93511
93511
93525
93535
93538
93545
93545
93559
93578
93599
93605
93608
93609
93612
93615
93621
93621
93625
93635
93649
93691
93704
93711
93711
93721
93732
93756
93756
93767
93776
93776
93781
93783
93797
93806
93810
93815
93830
93872
93883
93895
93903
93919
93919
93927
93945
93946
93948
93985
93988
93989
93998
94025
94062
94064
94064
94080
94084
94095
94099
94125
94140
94150
94150
94155
94169
94170
94178
94194
94198
94208
94215
94228
94230
94233
94242
94261
94271
94277
94279
94302
94312
94316
94325
94339
94341
94346
94356
94362
94374
94385
94386
94396
94403
94432
94448
94455
94468
94469
94473
94489
94491
94503
94504
94506
94515
94521
94535
94539
94543
94552
94556
94559
94560
94561
94567
94570
94588
94589
94593
94614
94620
94625
94630
94636
94646
94659
94662
94662
94663
94685
94685
94687
94718
94726
94727
94739
94745
94760
94768
94781
94785
94789
94792
94802
94816
94817
94819
94832
94836
94852
94856
94862
94867
94876
94882
94894
94908
94910
94920
94923
94924
94946
94962
94966
94980
94987
95014
95015
95017
95022
95027
95048
95058
95070
95073
95073
95075
95089
95103
95115
95136
95139
95147
95149
95154
95166
95168
95190
95197
95200
95228
95247
95274
95278
95282
95288
95291
95294
95296
95309
95340
95343
95343
95348
95353
95361
95376
95379
95390
95391
95454
95461
95465
95480
95486
95496
95502
95534
95538
95561
95563
95564
95592
95594
95595
95597
95599
95610
95618
95637
95648
95658
95664
95666
95668
95672
95679
95680
95686
95687
95694
95695
95710
95718
95719
95758
95786
95800
95809
95819
95825
95827
95831
95841
95849
95850
95871
95873
95875
95877
95881
95894
95897
95934
95941
95987
95992
96000
96010
96032
96050
96058
96058
96062
96062
96070
96081
96088
96091
96104
96104
96105
96110
96124
96125
96144
96156
96156
96157
96158
96172
96175
96198
96198
96220
96238
96238
96242
96248
96282
96302
96305
96316
96318
96335
96335
96336
96337
96338
96351
96358
96377
96382
96384
96402
96410
96415
96438
96463
96463
96464
96465
96478
96481
96491
96539
96540
96570
96572
96573
96579
96584
96592
96595
96596
96600
96638
96655
96667
96675
96682
96692
96698
96705
96722
96742
96784
96800
96801
96822
96824
96840
96846
96870
96870
96884
96889
96899
96901
96923
96946
96947
96955
96970
96991
97001
97005
97017
97026
97050
97057
97067
97071
97078
97079
97083
97084
97093
97103
97106
97118
97134
97144
97146
97163
97174
97190
97191
97216
97230
97242
97245
97263
97266
97291
97295
97310
97313
97318
97323
97332
97338
97338
97341
97347
97348
97359
97362
97362
97425
97431
97438
97440
97443
97451
97452
97470
97483
97488
97489
97493
97494
97507
97513
97517
97531
97546
97552
97557
97560
97563
97578
97582
97592
97600
97606
97611
97613
97632
97637
97638
97641
97651
97658
97661
97661
97680
97694
97696
97701
97708
97709
97712
97728
97765
97770
97781
97782
97787
97790
97791
97805
97825
97828
97840
97854
97874
97879
97884
97894
97908
97915
97920
97926
97931
97942
97942
97954
97972
97973
97978
97982
97994
97995
97995
98028
98033
98039
98047
98056
98058
98059
98064
98076
98094
98094
98099
98111
98117
98152
98161
98163
98164
98167
98168
98183
98191
98193
98196
98202
98221
98228
98230
98232
98258
98266
98271
98272
98283
98304
98304
98307
98317
98320
98325
98327
98336
98364
98366
98366
98372
98384
98389
98394
98409
98415
98425
98441
98446
98448
98477
98518
98518
98524
98552
98566
98568
98574
98589
98617
98618
98622
98626
98632
98649
98649
98652
98656
98673
98689
98691
98697
98697
98707
98724
98737
98757
98769
98769
98779
98784
98793
98822
98831
98848
98860
98871
98873
98887
98888
98890
98916
98921
98924
98934
98936
98959
98960
98981
98985
98991
98993
99029
99029
99033
99052
99053
99056
99077
99080
99082
99083
99087
99092
99094
99096
99132
99172
99179
99194
99195
99224
99224
99229
99239
99245
99253
99253
99279
99310
99322
99347
99360
99368
99370
99379
99381
99382
99389
99391
99391
99405
99410
99416
99427
99428
99437
99438
99439
99442
99450
99490
99495
99502
99515
99540
99540
99543
99557
99571
99574
99579
99587
99589
99597
99598
99600
99603
99607
99648
99649
99657
99659
99667
99668
99691
99718
99724
99737
99746
99751
99753
99756
99766
99785
99802
99823
99827
99835
99845
99859
99862
99866
99867
99889
99890
99891
99898
99913
99918
99921
99926
99929
99934
99941
99945
99982
99985
99987
99998
99999
