1
16
673
757
855
861
940
1017
1114
1243
1269
1270
1336
1367
1450
1483
1587
1589
1761
1903
1941
2146
2321
2363
2426
2469
2938
3040
3100
3133
3226
3266
3417
3463
3584
3591
3626
3666
3703
3743
3774
3929
4302
4312
4351
4472
4755
4767
4806
4828
4877
4889
5036
5055
5245
5390
5448
5496
5496
5554
5679
5723
6056
6246
6252
6279
6632
6641
6642
6781
6832
6916
7035
7068
7388
7393
7424
7429
7441
7545
7796
7857
7946
7984
8005
8098
8166
8350
8550
8733
8806
9005
9022
9035
9094
9190
9298
9408
9458
9536
9624
9700
9948
10199
10230
10485
10491
10617
10650
10844
10936
10987
11010
11139
11203
11388
11435
11528
11601
11677
11855
11931
11936
11963
11964
11983
12051
12197
12232
12329
12464
12482
12602
12739
12920
13216
13403
13483
13935
13976
14017
14149
14181
14433
14452
14603
14634
14650
14675
15077
15166
15171
15576
15704
15840
15887
15999
16180
16219
16309
16311
16410
16412
16431
16478
16488
16565
16604
16705
16872
16895
16900
17244
17449
17488
17630
17922
17930
18006
18118
18253
18370
18420
18638
18642
18813
18839
18931
19038
19146
19150
19157
19192
19286
19296
19346
19352
19377
19453
19468
19625
19791
19939
20087
20244
20253
20308
20517
20694
20762
20819
20928
20997
21009
21022
21039
21120
21373
21462
21647
21678
21792
21849
21922
21940
21988
22110
22254
22285
22547
22628
22687
22906
23031
23062
23063
23091
23092
23142
23168
23183
23222
23454
23480
23519
23607
23720
23778
23838
23847
23960
24011
24034
24215
24339
24514
24521
24526
24533
24554
24668
24915
24949
24972
25071
25081
25127
25132
25164
25243
25266
25309
25447
25467
25473
25501
25587
25591
25595
25663
25708
25727
25732
25884
26066
26154
26225
26386
26408
26573
26603
26618
26678
26776
26935
27017
27151
27245
27279
27356
27379
27469
27531
27641
27653
27723
28067
28113
28655
28815
28849
28855
28989
29076
29150
29163
29270
29342
29427
29547
29626
29680
29849
29934
30431
30463
30538
30592
30840
30998
31027
31119
31126
31249
31346
31391
31573
31574
31578
31597
31705
32103
32111
32211
32427
32555
32670
32942
32972
33091
33263
33481
33488
33500
33505
33529
33555
33605
33789
33900
33916
33926
33985
34112
34148
34242
34407
34451
34458
34602
34917
35085
35105
35125
35139
35144
35166
35327
35378
35410
35513
35555
35625
35721
35961
36143
36268
36311
36888
36989
37396
37467
37577
37688
37731
37775
37839
37897
37990
38039
38082
38256
38314
38366
38459
38586
38653
38692
38735
38894
39226
39515
39516
39577
39632
39778
40081
40096
40128
40179
40259
40403
40556
40616
40757
41098
41114
41193
41274
41282
41441
41546
41618
41826
41970
42160
42442
42468
42593
42689
42777
42837
43033
43071
43230
43306
43334
43626
43887
43899
44011
44160
44418
44439
44710
44726
44835
44884
44902
44987
45016
45034
45164
45224
45227
45412
45436
45631
45843
45894
45961
45974
46056
46075
46113
46308
46370
46584
46622
46814
46855
46863
46873
46941
46981
47047
47072
47293
47399
47462
47619
47712
47964
48061
48068
48084
48236
48359
48422
48511
48530
48766
48804
48837
48966
49047
49047
49062
49220
49233
49235
49468
49485
49679
49696
49761
49963
50065
50220
50230
50268
50330
50354
50532
50582
50748
50760
50928
50958
51030
51050
51176
51349
51450
51497
51507
51623
51653
51668
51784
51788
52072
52124
52156
52233
52267
52428
52469
52484
52753
52861
52985
52989
53001
53225
53433
53557
53613
53733
53795
53831
54072
54179
54235
54539
54675
55012
55054
55096
55175
55368
55397
55462
55534
55547
55589
55614
55712
55917
56271
56338
56380
56396
56563
56685
56783
56860
56927
56951
56983
57224
57290
57478
57502
57516
57803
57885
58101
58251
58316
58431
58529
58537
58576
58664
58669
58999
59156
59168
59223
59249
59331
59671
59688
59783
59891
59892
59990
60256
60445
60456
60603
60668
60776
61110
61295
61468
61650
61677
61828
62070
62073
62131
62335
62364
62897
62923
63056
63079
63171
63547
63598
63612
63687
63740
64028
64140
64541
64595
64612
64628
64726
64757
64846
64994
65045
65076
65107
65140
65352
65505
65545
65590
65723
65823
65852
66148
66350
66414
66496
66718
66724
66741
67191
67257
67311
67392
67401
67428
67584
67909
68174
68367
68441
68568
68584
68636
68645
68666
68786
68815
68841
68876
68945
69063
69303
69306
69492
69536
69687
69812
69834
69852
70065
70253
70253
70327
70636
70682
70743
70870
71155
71159
71197
71370
71408
71511
71693
71866
72020
72040
72071
72123
72136
72248
72382
72404
72419
72665
72716
72891
72944
72985
73039
73200
73337
73447
73625
73753
73850
73860
73997
74079
74174
74281
74300
74303
74337
74517
74666
74734
74854
74880
75011
75281
75415
75447
76063
76108
76119
76211
76291
76337
76430
76507
76538
76557
76635
76763
76921
76928
77019
77164
77235
77238
77251
77384
77450
77469
77471
77525
77539
77632
77688
77863
77976
78023
78204
78237
78261
78597
78699
78754
78980
79007
79051
79059
79207
79277
79317
79437
79442
79829
80122
80170
80178
80288
80352
80376
80407
80495
80658
80687
80813
80837
80906
80978
81055
81508
81645
82162
82300
82497
82499
82537
82598
82825
82828
82855
82995
83010
83044
83074
83234
83254
83608
83738
83936
83952
83962
83967
84221
84243
84418
84741
85006
85040
85047
85076
85219
85219
85238
85376
85380
85493
85828
85846
85848
85953
86014
86208
86210
86225
86270
86282
86390
86418
86536
86902
86998
87167
87194
87261
87294
87528
87695
87715
87791
87916
88206
88267
88289
88437
88457
88582
88614
88696
88886
88946
89073
89099
89138
89184
89200
89422
89629
89721
89892
89993
90204
90372
90664
90695
90719
90760
90920
91145
91239
91248
91283
91339
91539
91688
91700
91786
91916
92261
92282
92392
92416
92427
92521
92577
92777
92815
92849
92901
93002
93076
93098
93214
93284
93302
93344
93369
93566
93568
93588
93616
93725
93744
93815
93875
94200
94239
94378
94409
94446
94460
94516
94670
94976
95046
95134
95214
95299
95482
95755
95832
95948
96031
96160
96234
96458
96688
96818
96917
97126
97239
97239
97429
97594
97656
97915
97917
97979
98016
98108
98418
98570
98606
98701
98756
98773
98815
98817
98828
98830
98955
98966
99009
99017
99178
99187
99222
99304
99409
99523
99601
99623
