1622
3273
3913
4701
4760
4962
5634
6156
6337
6506
9834
11207
12817
13647
13671
13882
14548
15473
16831
17292
17824
20446
20459
21728
21816
21907
22349
22742
23592
25504
28117
28960
30189
30230
31734
34118
36427
38646
39681
40136
42170
43339
48129
49628
50865
51652
54012
55483
56083
56525
56891
57137
58026
59780
60113
60843
62844
63188
63943
65011
66500
66829
67683
71416
71653
73556
73904
73952
75165
75726
78955
79634
80446
83560
84609
84696
85188
86308
87276
87461
87679
87848
89390
89571
91842
91997
92007
92457
92706
93187
94088
94231
95284
95908
96169
96757
98315
98455
98994
99613
