1234675
1235647
1235674
1235764
1235746
1236574
1236475
1236745
1236754
1237564
1243675
1245367
1245376
1245637
1245673
1245763
1245736
1246537
1246573
1246357
1246375
1246735
1246753
1247563
1247536
1247653
1247635
1247365
1247356
1254637
1254673
1254763
1254736
1253647
1253674
1253764
1253746
1256347
1256374
1256437
1256473
1256743
1256734
1257364
1257346
1257634
1257643
1257463
1257436
1264537
1264573
1264375
1264735
1264753
1265473
1265374
1265734
1265743
1263574
1263475
1263745
1263754
1267534
1267543
1267354
1267345
1267435
1267453
1274563
1274536
1274653
1274635
1275463
1275643
1275634
1275364
1276453
1273564
1324675
1325647
1325674
1325764
1325746
1326574
1326475
1326745
1326754
1327564
1342567
1342576
1342657
1342675
1342765
1342756
1345267
1345276
1345627
1345672
1345762
1345726
1346527
1346572
1346257
1346275
1346725
1346752
1347562
1347526
1347652
1347625
1347265
1347256
1354267
1354276
1354627
1354672
1354762
1354726
1352467
1352476
1352647
1352674
1352764
1352746
1356247
1356274
1356427
1356472
1356742
1356724
1357264
1357246
1357624
1357642
1357462
1357426
1364527
1364572
1364257
1364275
1364725
1364752
1365427
1365472
1365247
1365274
1365724
1365742
1362547
1362574
1362457
1362475
1362745
1362754
1367524
1367542
1367254
1367245
1367425
1367452
1374562
1374526
1374652
1374625
1374265
1374256
1375462
1375426
1375642
1375624
1375264
1375246
1376542
1376524
1376452
1376425
1376245
1376254
1372564
1372546
1372654
1372645
1372465
1372456
1432675
1435267
1435276
1435627
1435672
1435762
1435726
1436527
1436572
1436257
1436275
1436725
1436752
1437562
1437526
1437652
1437625
1437265
1437256
1423675
1425367
1425376
1425637
1425673
1425763
1425736
1426537
1426573
1426357
1426375
1426735
1426753
1427563
1427536
1427653
1427635
1427365
1427356
1452367
1452376
1452637
1452673
1452763
1452736
1453267
1453276
1453627
1453672
1453762
1453726
1456327
1456372
1456237
1456273
1456723
1456732
1457362
1457326
1457632
1457623
1457263
1457236
1462537
1462573
1462357
1462375
1462735
1462753
1465237
1465273
1465327
1465372
1465732
1465723
1463527
1463572
1463257
1463275
1463725
1463752
1467532
1467523
1467352
1467325
1467235
1467253
1472563
1472536
1472653
1472635
1472365
1472356
1475263
1475236
1475623
1475632
1475362
1475326
1476523
1476532
1476253
1476235
1476325
1476352
1473562
1473526
1473652
1473625
1473265
1473256
1534267
1534276
1534627
1534672
1534762
1534726
1532647
1532674
1532764
1532746
1536247
1536274
1536427
1536472
1536742
1536724
1537264
1537246
1537624
1537642
1537462
1537426
1543627
1543672
1543762
1543726
1542637
1542673
1542763
1542736
1546237
1546273
1546327
1546372
1546732
1546723
1547263
1547236
1547623
1547632
1547362
1547326
1524637
1524673
1524763
1524736
1523647
1523674
1523764
1523746
1526347
1526374
1526437
1526473
1526743
1526734
1527364
1527346
1527634
1527643
1527463
1527436
1564237
1564273
1564327
1564372
1564732
1564723
1562437
1562473
1562347
1562374
1562734
1562743
1563247
1563274
1563427
1563472
1563742
1563724
1567234
1567243
1567324
1567342
1567432
1567423
1574263
1574236
1574623
1574632
1574362
1574326
1572463
1572436
1572643
1572634
1572364
1572346
1576243
1576234
1576423
1576432
1576342
1576324
1573264
1573246
1573624
1573642
1573462
1573426
1634527
1634572
1634257
1634275
1634725
1634752
1635427
1635472
1635247
1635274
1635724
1635742
1632574
1632475
1632745
1632754
1637524
1637542
1637254
1637245
1637425
1637452
1643527
1643572
1643275
1643725
1643752
1645327
1645372
1645237
1645273
1645723
1645732
1642537
1642573
1642375
1642735
1642753
1647523
1647532
1647253
1647235
1647325
1647352
1654372
1654273
1654723
1654732
1653427
1653472
1653274
1653724
1653742
1652374
1652473
1652743
1652734
1657324
1657342
1657234
1657243
1657423
1657432
1624537
1624573
1624375
1624735
1624753
1625473
1625374
1625734
1625743
1623574
1623475
1623745
1623754
1627534
1627543
1627354
1627345
1627435
1627453
1674523
1674532
1674253
1674235
1674325
1674352
1675423
1675432
1675243
1675234
1675324
1675342
1672543
1672534
1672453
1672435
1672345
1672354
1673524
1673542
1673254
1673245
1673425
1673452
1734562
1734526
1734652
1734625
1734265
1734256
1735462
1735426
1735642
1735624
1735264
1735246
1736542
1736524
1736452
1736425
1736245
1736254
1732564
1743562
1743526
1743652
1743625
1745362
1745326
1745632
1745623
1745263
1745236
1746532
1746523
1746352
1746325
1746235
1746253
1742563
1742536
1742653
1742635
1754362
1754632
1754623
1754263
1753462
1753426
1753642
1753624
1753264
1756342
1756324
1756432
1756423
1756243
1756234
1752364
1752634
1752643
1752463
1764532
1764523
1764352
1764253
1765342
1763542
1763524
1763452
1763425
1762453
1724563
1724536
1724653
1724635
1725463
1725643
1725634
1725364
1726453
1723564
2134675
2135647
2135674
2135764
2135746
2136574
2136475
2136745
2136754
2137564
2143675
2145367
2145376
2145637
2145673
2145763
2145736
2146537
2146573
2146357
2146375
2146735
2146753
2147563
2147536
2147653
2147635
2147365
2147356
2154637
2154673
2154763
2154736
2153647
2153674
2153764
2153746
2156347
2156374
2156437
2156473
2156743
2156734
2157364
2157346
2157634
2157643
2157463
2157436
2164537
2164573
2164375
2164735
2164753
2165473
2165374
2165734
2165743
2163574
2163475
2163745
2163754
2167534
2167543
2167354
2167345
2167435
2167453
2174563
2174536
2174653
2174635
2175463
2175643
2175634
2175364
2176453
2173564
2314567
2314576
2314657
2314675
2314765
2314756
2315467
2315476
2315647
2315674
2315764
2315746
2316547
2316574
2316457
2316475
2316745
2316754
2317564
2317546
2317654
2317645
2317465
2317456
2341567
2341576
2341657
2341675
2341765
2341756
2345167
2345176
2345617
2345671
2345761
2345716
2346517
2346571
2346157
2346175
2346715
2346751
2347561
2347516
2347651
2347615
2347165
2347156
2354167
2354176
2354617
2354671
2354761
2354716
2351467
2351476
2351647
2351674
2351764
2351746
2356147
2356174
2356417
2356471
2356741
2356714
2357164
2357146
2357614
2357641
2357461
2357416
2364517
2364571
2364157
2364175
2364715
2364751
2365417
2365471
2365147
2365174
2365714
2365741
2361547
2361574
2361457
2361475
2361745
2361754
2367514
2367541
2367154
2367145
2367415
2367451
2374561
2374516
2374651
2374615
2374165
2374156
2375461
2375416
2375641
2375614
2375164
2375146
2376541
2376514
2376451
2376415
2376145
2376154
2371564
2371546
2371654
2371645
2371465
2371456
2431567
2431576
2431657
2431675
2431765
2431756
2435167
2435176
2435617
2435671
2435761
2435716
2436517
2436571
2436157
2436175
2436715
2436751
2437561
2437516
2437651
2437615
2437165
2437156
2413567
2413576
2413657
2413675
2413765
2413756
2415367
2415376
2415637
2415673
2415763
2415736
2416537
2416573
2416357
2416375
2416735
2416753
2417563
2417536
2417653
2417635
2417365
2417356
2451367
2451376
2451637
2451673
2451763
2451736
2453167
2453176
2453617
2453671
2453761
2453716
2456317
2456371
2456137
2456173
2456713
2456731
2457361
2457316
2457631
2457613
2457163
2457136
2461537
2461573
2461357
2461375
2461735
2461753
2465137
2465173
2465317
2465371
2465731
2465713
2463517
2463571
2463157
2463175
2463715
2463751
2467531
2467513
2467351
2467315
2467135
2467153
2471563
2471536
2471653
2471635
2471365
2471356
2475163
2475136
2475613
2475631
2475361
2475316
2476513
2476531
2476153
2476135
2476315
2476351
2473561
2473516
2473651
2473615
2473165
2473156
2534167
2534176
2534617
2534671
2534761
2534716
2531467
2531476
2531647
2531674
2531764
2531746
2536147
2536174
2536417
2536471
2536741
2536714
2537164
2537146
2537614
2537641
2537461
2537416
2543167
2543176
2543617
2543671
2543761
2543716
2541367
2541376
2541637
2541673
2541763
2541736
2546137
2546173
2546317
2546371
2546731
2546713
2547163
2547136
2547613
2547631
2547361
2547316
2514367
2514376
2514637
2514673
2514763
2514736
2513467
2513476
2513647
2513674
2513764
2513746
2516347
2516374
2516437
2516473
2516743
2516734
2517364
2517346
2517634
2517643
2517463
2517436
2564137
2564173
2564317
2564371
2564731
2564713
2561437
2561473
2561347
2561374
2561734
2561743
2563147
2563174
2563417
2563471
2563741
2563714
2567134
2567143
2567314
2567341
2567431
2567413
2574163
2574136
2574613
2574631
2574361
2574316
2571463
2571436
2571643
2571634
2571364
2571346
2576143
2576134
2576413
2576431
2576341
2576314
2573164
2573146
2573614
2573641
2573461
2573416
2634517
2634571
2634157
2634175
2634715
2634751
2635417
2635471
2635147
2635174
2635714
2635741
2631547
2631574
2631457
2631475
2631745
2631754
2637514
2637541
2637154
2637145
2637415
2637451
2643517
2643571
2643157
2643175
2643715
2643751
2645317
2645371
2645137
2645173
2645713
2645731
2641537
2641573
2641357
2641375
2641735
2641753
2647513
2647531
2647153
2647135
2647315
2647351
2654317
2654371
2654137
2654173
2654713
2654731
2653417
2653471
2653147
2653174
2653714
2653741
2651347
2651374
2651437
2651473
2651743
2651734
2657314
2657341
2657134
2657143
2657413
2657431
2614537
2614573
2614357
2614375
2614735
2614753
2615437
2615473
2615347
2615374
2615734
2615743
2613547
2613574
2613457
2613475
2613745
2613754
2617534
2617543
2617354
2617345
2617435
2617453
2674513
2674531
2674153
2674135
2674315
2674351
2675413
2675431
2675143
2675134
2675314
2675341
2671543
2671534
2671453
2671435
2671345
2671354
2673514
2673541
2673154
2673145
2673415
2673451
2734561
2734516
2734651
2734615
2734165
2734156
2735461
2735416
2735641
2735614
2735164
2735146
2736541
2736514
2736451
2736415
2736145
2736154
2731564
2731546
2731654
2731645
2731465
2731456
2743561
2743516
2743651
2743615
2743165
2743156
2745361
2745316
2745631
2745613
2745163
2745136
2746531
2746513
2746351
2746315
2746135
2746153
2741563
2741536
2741653
2741635
2741365
2741356
2754361
2754316
2754631
2754613
2754163
2754136
2753461
2753416
2753641
2753614
2753164
2753146
2756341
2756314
2756431
2756413
2756143
2756134
2751364
2751346
2751634
2751643
2751463
2751436
2764531
2764513
2764351
2764315
2764135
2764153
2765431
2765413
2765341
2765314
2765134
2765143
2763541
2763514
2763451
2763415
2763145
2763154
2761534
2761543
2761354
2761345
2761435
2761453
2714563
2714536
2714653
2714635
2714365
2714356
2715463
2715436
2715643
2715634
2715364
2715346
2716543
2716534
2716453
2716435
2716345
2716354
2713564
2713546
2713654
2713645
2713465
2713456
3214675
3215647
3215674
3215764
3215746
3216574
3216475
3216745
3216754
3217564
3241567
3241576
3241657
3241675
3241765
3241756
3245167
3245176
3245617
3245671
3245761
3245716
3246517
3246571
3246157
3246175
3246715
3246751
3247561
3247516
3247651
3247615
3247165
3247156
3254167
3254176
3254617
3254671
3254761
3254716
3251467
3251476
3251647
3251674
3251764
3251746
3256147
3256174
3256417
3256471
3256741
3256714
3257164
3257146
3257614
3257641
3257461
3257416
3264517
3264571
3264157
3264175
3264715
3264751
3265417
3265471
3265147
3265174
3265714
3265741
3261547
3261574
3261457
3261475
3261745
3261754
3267514
3267541
3267154
3267145
3267415
3267451
3274561
3274516
3274651
3274615
3274165
3274156
3275461
3275416
3275641
3275614
3275164
3275146
3276541
3276514
3276451
3276415
3276145
3276154
3271564
3271546
3271654
3271645
3271465
3271456
3124675
3125647
3125674
3125764
3125746
3126574
3126475
3126745
3126754
3127564
3142567
3142576
3142657
3142675
3142765
3142756
3145267
3145276
3145627
3145672
3145762
3145726
3146527
3146572
3146257
3146275
3146725
3146752
3147562
3147526
3147652
3147625
3147265
3147256
3154267
3154276
3154627
3154672
3154762
3154726
3152467
3152476
3152647
3152674
3152764
3152746
3156247
3156274
3156427
3156472
3156742
3156724
3157264
3157246
3157624
3157642
3157462
3157426
3164527
3164572
3164257
3164275
3164725
3164752
3165427
3165472
3165247
3165274
3165724
3165742
3162547
3162574
3162457
3162475
3162745
3162754
3167524
3167542
3167254
3167245
3167425
3167452
3174562
3174526
3174652
3174625
3174265
3174256
3175462
3175426
3175642
3175624
3175264
3175246
3176542
3176524
3176452
3176425
3176245
3176254
3172564
3172546
3172654
3172645
3172465
3172456
3412567
3412576
3412657
3412675
3412765
3412756
3415267
3415276
3415627
3415672
3415762
3415726
3416527
3416572
3416257
3416275
3416725
3416752
3417562
3417526
3417652
3417625
3417265
3417256
3421567
3421576
3421657
3421675
3421765
3421756
3425167
3425176
3425617
3425671
3425761
3425716
3426517
3426571
3426157
3426175
3426715
3426751
3427561
3427516
3427651
3427615
3427165
3427156
3452167
3452176
3452617
3452671
3452761
3452716
3451267
3451276
3451627
3451672
3451762
3451726
3456127
3456172
3456217
3456271
3456721
3456712
3457162
3457126
3457612
3457621
3457261
3457216
3462517
3462571
3462157
3462175
3462715
3462751
3465217
3465271
3465127
3465172
3465712
3465721
3461527
3461572
3461257
3461275
3461725
3461752
3467512
3467521
3467152
3467125
3467215
3467251
3472561
3472516
3472651
3472615
3472165
3472156
3475261
3475216
3475621
3475612
3475162
3475126
3476521
3476512
3476251
3476215
3476125
3476152
3471562
3471526
3471652
3471625
3471265
3471256
3514267
3514276
3514627
3514672
3514762
3514726
3512467
3512476
3512647
3512674
3512764
3512746
3516247
3516274
3516427
3516472
3516742
3516724
3517264
3517246
3517624
3517642
3517462
3517426
3541267
3541276
3541627
3541672
3541762
3541726
3542167
3542176
3542617
3542671
3542761
3542716
3546217
3546271
3546127
3546172
3546712
3546721
3547261
3547216
3547621
3547612
3547162
3547126
3524167
3524176
3524617
3524671
3524761
3524716
3521467
3521476
3521647
3521674
3521764
3521746
3526147
3526174
3526417
3526471
3526741
3526714
3527164
3527146
3527614
3527641
3527461
3527416
3564217
3564271
3564127
3564172
3564712
3564721
3562417
3562471
3562147
3562174
3562714
3562741
3561247
3561274
3561427
3561472
3561742
3561724
3567214
3567241
3567124
3567142
3567412
3567421
3574261
3574216
3574621
3574612
3574162
3574126
3572461
3572416
3572641
3572614
3572164
3572146
3576241
3576214
3576421
3576412
3576142
3576124
3571264
3571246
3571624
3571642
3571462
3571426
3614527
3614572
3614257
3614275
3614725
3614752
3615427
3615472
3615247
3615274
3615724
3615742
3612547
3612574
3612457
3612475
3612745
3612754
3617524
3617542
3617254
3617245
3617425
3617452
3641527
3641572
3641257
3641275
3641725
3641752
3645127
3645172
3645217
3645271
3645721
3645712
3642517
3642571
3642157
3642175
3642715
3642751
3647521
3647512
3647251
3647215
3647125
3647152
3654127
3654172
3654217
3654271
3654721
3654712
3651427
3651472
3651247
3651274
3651724
3651742
3652147
3652174
3652417
3652471
3652741
3652714
3657124
3657142
3657214
3657241
3657421
3657412
3624517
3624571
3624157
3624175
3624715
3624751
3625417
3625471
3625147
3625174
3625714
3625741
3621547
3621574
3621457
3621475
3621745
3621754
3627514
3627541
3627154
3627145
3627415
3627451
3674521
3674512
3674251
3674215
3674125
3674152
3675421
3675412
3675241
3675214
3675124
3675142
3672541
3672514
3672451
3672415
3672145
3672154
3671524
3671542
3671254
3671245
3671425
3671452
3714562
3714526
3714652
3714625
3714265
3714256
3715462
3715426
3715642
3715624
3715264
3715246
3716542
3716524
3716452
3716425
3716245
3716254
3712564
3712546
3712654
3712645
3712465
3712456
3741562
3741526
3741652
3741625
3741265
3741256
3745162
3745126
3745612
3745621
3745261
3745216
3746512
3746521
3746152
3746125
3746215
3746251
3742561
3742516
3742651
3742615
3742165
3742156
3754162
3754126
3754612
3754621
3754261
3754216
3751462
3751426
3751642
3751624
3751264
3751246
3756142
3756124
3756412
3756421
3756241
3756214
3752164
3752146
3752614
3752641
3752461
3752416
3764512
3764521
3764152
3764125
3764215
3764251
3765412
3765421
3765142
3765124
3765214
3765241
3761542
3761524
3761452
3761425
3761245
3761254
3762514
3762541
3762154
3762145
3762415
3762451
3724561
3724516
3724651
3724615
3724165
3724156
3725461
3725416
3725641
3725614
3725164
3725146
3726541
3726514
3726451
3726415
3726145
3726154
3721564
3721546
3721654
3721645
3721465
3721456
4231567
4231576
4231657
4231675
4231765
4231756
4235167
4235176
4235617
4235671
4235761
4235716
4236517
4236571
4236157
4236175
4236715
4236751
4237561
4237516
4237651
4237615
4237165
4237156
4213675
4215367
4215376
4215637
4215673
4215763
4215736
4216537
4216573
4216357
4216375
4216735
4216753
4217563
4217536
4217653
4217635
4217365
4217356
4251367
4251376
4251637
4251673
4251763
4251736
4253167
4253176
4253617
4253671
4253761
4253716
4256317
4256371
4256137
4256173
4256713
4256731
4257361
4257316
4257631
4257613
4257163
4257136
4261537
4261573
4261357
4261375
4261735
4261753
4265137
4265173
4265317
4265371
4265731
4265713
4263517
4263571
4263157
4263175
4263715
4263751
4267531
4267513
4267351
4267315
4267135
4267153
4271563
4271536
4271653
4271635
4271365
4271356
4275163
4275136
4275613
4275631
4275361
4275316
4276513
4276531
4276153
4276135
4276315
4276351
4273561
4273516
4273651
4273615
4273165
4273156
4321675
4325167
4325176
4325617
4325671
4325761
4325716
4326517
4326571
4326157
4326175
4326715
4326751
4327561
4327516
4327651
4327615
4327165
4327156
4312675
4315267
4315276
4315627
4315672
4315762
4315726
4316527
4316572
4316257
4316275
4316725
4316752
4317562
4317526
4317652
4317625
4317265
4317256
4351267
4351276
4351627
4351672
4351762
4351726
4352167
4352176
4352617
4352671
4352761
4352716
4356217
4356271
4356127
4356172
4356712
4356721
4357261
4357216
4357621
4357612
4357162
4357126
4361527
4361572
4361257
4361275
4361725
4361752
4365127
4365172
4365217
4365271
4365721
4365712
4362517
4362571
4362157
4362175
4362715
4362751
4367521
4367512
4367251
4367215
4367125
4367152
4371562
4371526
4371652
4371625
4371265
4371256
4375162
4375126
4375612
4375621
4375261
4375216
4376512
4376521
4376152
4376125
4376215
4376251
4372561
4372516
4372651
4372615
4372165
4372156
4132675
4135267
4135276
4135627
4135672
4135762
4135726
4136527
4136572
4136257
4136275
4136725
4136752
4137562
4137526
4137652
4137625
4137265
4137256
4123675
4125367
4125376
4125637
4125673
4125763
4125736
4126537
4126573
4126357
4126375
4126735
4126753
4127563
4127536
4127653
4127635
4127365
4127356
4152367
4152376
4152637
4152673
4152763
4152736
4153267
4153276
4153627
4153672
4153762
4153726
4156327
4156372
4156237
4156273
4156723
4156732
4157362
4157326
4157632
4157623
4157263
4157236
4162537
4162573
4162357
4162375
4162735
4162753
4165237
4165273
4165327
4165372
4165732
4165723
4163527
4163572
4163257
4163275
4163725
4163752
4167532
4167523
4167352
4167325
4167235
4167253
4172563
4172536
4172653
4172635
4172365
4172356
4175263
4175236
4175623
4175632
4175362
4175326
4176523
4176532
4176253
4176235
4176325
4176352
4173562
4173526
4173652
4173625
4173265
4173256
4531267
4531276
4531627
4531672
4531762
4531726
4532167
4532176
4532617
4532671
4532761
4532716
4536217
4536271
4536127
4536172
4536712
4536721
4537261
4537216
4537621
4537612
4537162
4537126
4513267
4513276
4513627
4513672
4513762
4513726
4512367
4512376
4512637
4512673
4512763
4512736
4516237
4516273
4516327
4516372
4516732
4516723
4517263
4517236
4517623
4517632
4517362
4517326
4521367
4521376
4521637
4521673
4521763
4521736
4523167
4523176
4523617
4523671
4523761
4523716
4526317
4526371
4526137
4526173
4526713
4526731
4527361
4527316
4527631
4527613
4527163
4527136
4561237
4561273
4561327
4561372
4561732
4561723
4562137
4562173
4562317
4562371
4562731
4562713
4563217
4563271
4563127
4563172
4563712
4563721
4567231
4567213
4567321
4567312
4567132
4567123
4571263
4571236
4571623
4571632
4571362
4571326
4572163
4572136
4572613
4572631
4572361
4572316
4576213
4576231
4576123
4576132
4576312
4576321
4573261
4573216
4573621
4573612
4573162
4573126
4631527
4631572
4631257
4631275
4631725
4631752
4635127
4635172
4635217
4635271
4635721
4635712
4632517
4632571
4632157
4632175
4632715
4632751
4637521
4637512
4637251
4637215
4637125
4637152
4613527
4613572
4613257
4613275
4613725
4613752
4615327
4615372
4615237
4615273
4615723
4615732
4612537
4612573
4612357
4612375
4612735
4612753
4617523
4617532
4617253
4617235
4617325
4617352
4651327
4651372
4651237
4651273
4651723
4651732
4653127
4653172
4653217
4653271
4653721
4653712
4652317
4652371
4652137
4652173
4652713
4652731
4657321
4657312
4657231
4657213
4657123
4657132
4621537
4621573
4621357
4621375
4621735
4621753
4625137
4625173
4625317
4625371
4625731
4625713
4623517
4623571
4623157
4623175
4623715
4623751
4627531
4627513
4627351
4627315
4627135
4627153
4671523
4671532
4671253
4671235
4671325
4671352
4675123
4675132
4675213
4675231
4675321
4675312
4672513
4672531
4672153
4672135
4672315
4672351
4673521
4673512
4673251
4673215
4673125
4673152
4731562
4731526
4731652
4731625
4731265
4731256
4735162
4735126
4735612
4735621
4735261
4735216
4736512
4736521
4736152
4736125
4736215
4736251
4732561
4732516
4732651
4732615
4732165
4732156
4713562
4713526
4713652
4713625
4713265
4713256
4715362
4715326
4715632
4715623
4715263
4715236
4716532
4716523
4716352
4716325
4716235
4716253
4712563
4712536
4712653
4712635
4712365
4712356
4751362
4751326
4751632
4751623
4751263
4751236
4753162
4753126
4753612
4753621
4753261
4753216
4756312
4756321
4756132
4756123
4756213
4756231
4752361
4752316
4752631
4752613
4752163
4752136
4761532
4761523
4761352
4761325
4761235
4761253
4765132
4765123
4765312
4765321
4765231
4765213
4763512
4763521
4763152
4763125
4763215
4763251
4762531
4762513
4762351
4762315
4762135
4762153
4721563
4721536
4721653
4721635
4721365
4721356
4725163
4725136
4725613
4725631
4725361
4725316
4726513
4726531
4726153
4726135
4726315
4726351
4723561
4723516
4723651
4723615
4723165
4723156
5234167
5234176
5234617
5234671
5234761
5234716
5231467
5231476
5231647
5231674
5231764
5231746
5236147
5236174
5236417
5236471
5236741
5236714
5237164
5237146
5237614
5237641
5237461
5237416
5243167
5243176
5243617
5243671
5243761
5243716
5241367
5241376
5241637
5241673
5241763
5241736
5246137
5246173
5246317
5246371
5246731
5246713
5247163
5247136
5247613
5247631
5247361
5247316
5214637
5214673
5214763
5214736
5213647
5213674
5213764
5213746
5216347
5216374
5216437
5216473
5216743
5216734
5217364
5217346
5217634
5217643
5217463
5217436
5264137
5264173
5264317
5264371
5264731
5264713
5261437
5261473
5261347
5261374
5261734
5261743
5263147
5263174
5263417
5263471
5263741
5263714
5267134
5267143
5267314
5267341
5267431
5267413
5274163
5274136
5274613
5274631
5274361
5274316
5271463
5271436
5271643
5271634
5271364
5271346
5276143
5276134
5276413
5276431
5276341
5276314
5273164
5273146
5273614
5273641
5273461
5273416
5324167
5324176
5324617
5324671
5324761
5324716
5321647
5321674
5321764
5321746
5326147
5326174
5326417
5326471
5326741
5326714
5327164
5327146
5327614
5327641
5327461
5327416
5342167
5342176
5342617
5342671
5342761
5342716
5341267
5341276
5341627
5341672
5341762
5341726
5346127
5346172
5346217
5346271
5346721
5346712
5347162
5347126
5347612
5347621
5347261
5347216
5314267
5314276
5314627
5314672
5314762
5314726
5312647
5312674
5312764
5312746
5316247
5316274
5316427
5316472
5316742
5316724
5317264
5317246
5317624
5317642
5317462
5317426
5364127
5364172
5364217
5364271
5364721
5364712
5361427
5361472
5361247
5361274
5361724
5361742
5362147
5362174
5362417
5362471
5362741
5362714
5367124
5367142
5367214
5367241
5367421
5367412
5374162
5374126
5374612
5374621
5374261
5374216
5371462
5371426
5371642
5371624
5371264
5371246
5376142
5376124
5376412
5376421
5376241
5376214
5372164
5372146
5372614
5372641
5372461
5372416
5432617
5432671
5432761
5432716
5431627
5431672
5431762
5431726
5436127
5436172
5436217
5436271
5436721
5436712
5437162
5437126
5437612
5437621
5437261
5437216
5423167
5423176
5423617
5423671
5423761
5423716
5421637
5421673
5421763
5421736
5426137
5426173
5426317
5426371
5426731
5426713
5427163
5427136
5427613
5427631
5427361
5427316
5412637
5412673
5412763
5412736
5413627
5413672
5413762
5413726
5416327
5416372
5416237
5416273
5416723
5416732
5417362
5417326
5417632
5417623
5417263
5417236
5462137
5462173
5462317
5462371
5462731
5462713
5461237
5461273
5461327
5461372
5461732
5461723
5463127
5463172
5463217
5463271
5463721
5463712
5467132
5467123
5467312
5467321
5467231
5467213
5472163
5472136
5472613
5472631
5472361
5472316
5471263
5471236
5471623
5471632
5471362
5471326
5476123
5476132
5476213
5476231
5476321
5476312
5473162
5473126
5473612
5473621
5473261
5473216
5134267
5134276
5134627
5134672
5134762
5134726
5132647
5132674
5132764
5132746
5136247
5136274
5136427
5136472
5136742
5136724
5137264
5137246
5137624
5137642
5137462
5137426
5143627
5143672
5143762
5143726
5142637
5142673
5142763
5142736
5146237
5146273
5146327
5146372
5146732
5146723
5147263
5147236
5147623
5147632
5147362
5147326
5124637
5124673
5124763
5124736
5123647
5123674
5123764
5123746
5126347
5126374
5126437
5126473
5126743
5126734
5127364
5127346
5127634
5127643
5127463
5127436
5164237
5164273
5164327
5164372
5164732
5164723
5162437
5162473
5162347
5162374
5162734
5162743
5163247
5163274
5163427
5163472
5163742
5163724
5167234
5167243
5167324
5167342
5167432
5167423
5174263
5174236
5174623
5174632
5174362
5174326
5172463
5172436
5172643
5172634
5172364
5172346
5176243
5176234
5176423
5176432
5176342
5176324
5173264
5173246
5173624
5173642
5173462
5173426
5634127
5634172
5634217
5634271
5634721
5634712
5631427
5631472
5631247
5631274
5631724
5631742
5632147
5632174
5632417
5632471
5632741
5632714
5637124
5637142
5637214
5637241
5637421
5637412
5643127
5643172
5643217
5643271
5643721
5643712
5641327
5641372
5641237
5641273
5641723
5641732
5642137
5642173
5642317
5642371
5642731
5642713
5647123
5647132
5647213
5647231
5647321
5647312
5614327
5614372
5614237
5614273
5614723
5614732
5613427
5613472
5613247
5613274
5613724
5613742
5612347
5612374
5612437
5612473
5612743
5612734
5617324
5617342
5617234
5617243
5617423
5617432
5624137
5624173
5624317
5624371
5624731
5624713
5621437
5621473
5621347
5621374
5621734
5621743
5623147
5623174
5623417
5623471
5623741
5623714
5627134
5627143
5627314
5627341
5627431
5627413
5674123
5674132
5674213
5674231
5674321
5674312
5671423
5671432
5671243
5671234
5671324
5671342
5672143
5672134
5672413
5672431
5672341
5672314
5673124
5673142
5673214
5673241
5673421
5673412
5734162
5734126
5734612
5734621
5734261
5734216
5731462
5731426
5731642
5731624
5731264
5731246
5736142
5736124
5736412
5736421
5736241
5736214
5732164
5732146
5732614
5732641
5732461
5732416
5743162
5743126
5743612
5743621
5743261
5743216
5741362
5741326
5741632
5741623
5741263
5741236
5746132
5746123
5746312
5746321
5746231
5746213
5742163
5742136
5742613
5742631
5742361
5742316
5714362
5714326
5714632
5714623
5714263
5714236
5713462
5713426
5713642
5713624
5713264
5713246
5716342
5716324
5716432
5716423
5716243
5716234
5712364
5712346
5712634
5712643
5712463
5712436
5764132
5764123
5764312
5764321
5764231
5764213
5761432
5761423
5761342
5761324
5761234
5761243
5763142
5763124
5763412
5763421
5763241
5763214
5762134
5762143
5762314
5762341
5762431
5762413
5724163
5724136
5724613
5724631
5724361
5724316
5721463
5721436
5721643
5721634
5721364
5721346
5726143
5726134
5726413
5726431
5726341
5726314
5723164
5723146
5723614
5723641
5723461
5723416
6234517
6234571
6234157
6234175
6234715
6234751
6235417
6235471
6235147
6235174
6235714
6235741
6231547
6231574
6231457
6231475
6231745
6231754
6237514
6237541
6237154
6237145
6237415
6237451
6243517
6243571
6243157
6243175
6243715
6243751
6245317
6245371
6245137
6245173
6245713
6245731
6241537
6241573
6241357
6241375
6241735
6241753
6247513
6247531
6247153
6247135
6247315
6247351
6254317
6254371
6254137
6254173
6254713
6254731
6253417
6253471
6253147
6253174
6253714
6253741
6251347
6251374
6251437
6251473
6251743
6251734
6257314
6257341
6257134
6257143
6257413
6257431
6214537
6214573
6214375
6214735
6214753
6215473
6215374
6215734
6215743
6213574
6213475
6213745
6213754
6217534
6217543
6217354
6217345
6217435
6217453
6274513
6274531
6274153
6274135
6274315
6274351
6275413
6275431
6275143
6275134
6275314
6275341
6271543
6271534
6271453
6271435
6271345
6271354
6273514
6273541
6273154
6273145
6273415
6273451
6324517
6324571
6324157
6324175
6324715
6324751
6325417
6325471
6325147
6325174
6325714
6325741
6321574
6321475
6321745
6321754
6327514
6327541
6327154
6327145
6327415
6327451
6342517
6342571
6342157
6342175
6342715
6342751
6345217
6345271
6345127
6345172
6345712
6345721
6341527
6341572
6341257
6341275
6341725
6341752
6347512
6347521
6347152
6347125
6347215
6347251
6354217
6354271
6354127
6354172
6354712
6354721
6352417
6352471
6352147
6352174
6352714
6352741
6351247
6351274
6351427
6351472
6351742
6351724
6357214
6357241
6357124
6357142
6357412
6357421
6314527
6314572
6314257
6314275
6314725
6314752
6315427
6315472
6315247
6315274
6315724
6315742
6312574
6312475
6312745
6312754
6317524
6317542
6317254
6317245
6317425
6317452
6374512
6374521
6374152
6374125
6374215
6374251
6375412
6375421
6375142
6375124
6375214
6375241
6371542
6371524
6371452
6371425
6371245
6371254
6372514
6372541
6372154
6372145
6372415
6372451
6432517
6432571
6432175
6432715
6432751
6435217
6435271
6435127
6435172
6435712
6435721
6431527
6431572
6431275
6431725
6431752
6437512
6437521
6437152
6437125
6437215
6437251
6423517
6423571
6423157
6423175
6423715
6423751
6425317
6425371
6425137
6425173
6425713
6425731
6421537
6421573
6421375
6421735
6421753
6427513
6427531
6427153
6427135
6427315
6427351
6452317
6452371
6452137
6452173
6452713
6452731
6453217
6453271
6453127
6453172
6453712
6453721
6451327
6451372
6451237
6451273
6451723
6451732
6457312
6457321
6457132
6457123
6457213
6457231
6412537
6412573
6412375
6412735
6412753
6415237
6415273
6415327
6415372
6415732
6415723
6413527
6413572
6413275
6413725
6413752
6417532
6417523
6417352
6417325
6417235
6417253
6472513
6472531
6472153
6472135
6472315
6472351
6475213
6475231
6475123
6475132
6475312
6475321
6471523
6471532
6471253
6471235
6471325
6471352
6473512
6473521
6473152
6473125
6473215
6473251
6534217
6534271
6534127
6534172
6534712
6534721
6532417
6532471
6532174
6532714
6532741
6531274
6531427
6531472
6531742
6531724
6537214
6537241
6537124
6537142
6537412
6537421
6543271
6543172
6543712
6543721
6542317
6542371
6542173
6542713
6542731
6541273
6541372
6541732
6541723
6547213
6547231
6547123
6547132
6547312
6547321
6524317
6524371
6524137
6524173
6524713
6524731
6523417
6523471
6523147
6523174
6523714
6523741
6521374
6521473
6521743
6521734
6527314
6527341
6527134
6527143
6527413
6527431
6514273
6514372
6514732
6514723
6512473
6512374
6512734
6512743
6513274
6513427
6513472
6513742
6513724
6517234
6517243
6517324
6517342
6517432
6517423
6574213
6574231
6574123
6574132
6574312
6574321
6572413
6572431
6572143
6572134
6572314
6572341
6571243
6571234
6571423
6571432
6571342
6571324
6573214
6573241
6573124
6573142
6573412
6573421
6134527
6134572
6134257
6134275
6134725
6134752
6135427
6135472
6135247
6135274
6135724
6135742
6132574
6132475
6132745
6132754
6137524
6137542
6137254
6137245
6137425
6137452
6143527
6143572
6143275
6143725
6143752
6145327
6145372
6145237
6145273
6145723
6145732
6142537
6142573
6142375
6142735
6142753
6147523
6147532
6147253
6147235
6147325
6147352
6154372
6154273
6154723
6154732
6153427
6153472
6153274
6153724
6153742
6152374
6152473
6152743
6152734
6157324
6157342
6157234
6157243
6157423
6157432
6124537
6124573
6124375
6124735
6124753
6125473
6125374
6125734
6125743
6123574
6123475
6123745
6123754
6127534
6127543
6127354
6127345
6127435
6127453
6174523
6174532
6174253
6174235
6174325
6174352
6175423
6175432
6175243
6175234
6175324
6175342
6172543
6172534
6172453
6172435
6172345
6172354
6173524
6173542
6173254
6173245
6173425
6173452
6734512
6734521
6734152
6734125
6734215
6734251
6735412
6735421
6735142
6735124
6735214
6735241
6731542
6731524
6731452
6731425
6731245
6731254
6732514
6732541
6732154
6732145
6732415
6732451
6743512
6743521
6743152
6743125
6743215
6743251
6745312
6745321
6745132
6745123
6745213
6745231
6741532
6741523
6741352
6741325
6741235
6741253
6742513
6742531
6742153
6742135
6742315
6742351
6754312
6754321
6754132
6754123
6754213
6754231
6753412
6753421
6753142
6753124
6753214
6753241
6751342
6751324
6751432
6751423
6751243
6751234
6752314
6752341
6752134
6752143
6752413
6752431
6714532
6714523
6714352
6714325
6714235
6714253
6715432
6715423
6715342
6715324
6715234
6715243
6713542
6713524
6713452
6713425
6713245
6713254
6712534
6712543
6712354
6712345
6712435
6712453
6724513
6724531
6724153
6724135
6724315
6724351
6725413
6725431
6725143
6725134
6725314
6725341
6721543
6721534
6721453
6721435
6721345
6721354
6723514
6723541
6723154
6723145
6723415
6723451
7234561
7234516
7234651
7234615
7234165
7234156
7235461
7235416
7235641
7235614
7235164
7235146
7236541
7236514
7236451
7236415
7236145
7236154
7231564
7231546
7231654
7231645
7231465
7231456
7243561
7243516
7243651
7243615
7243165
7243156
7245361
7245316
7245631
7245613
7245163
7245136
7246531
7246513
7246351
7246315
7246135
7246153
7241563
7241536
7241653
7241635
7241365
7241356
7254361
7254316
7254631
7254613
7254163
7254136
7253461
7253416
7253641
7253614
7253164
7253146
7256341
7256314
7256431
7256413
7256143
7256134
7251364
7251346
7251634
7251643
7251463
7251436
7264531
7264513
7264351
7264315
7264135
7264153
7265431
7265413
7265341
7265314
7265134
7265143
7263541
7263514
7263451
7263415
7263145
7263154
7261534
7261543
7261354
7261345
7261435
7261453
7214563
7214536
7214653
7214635
7215463
7215643
7215634
7215364
7216453
7213564
7324561
7324516
7324651
7324615
7324165
7324156
7325461
7325416
7325641
7325614
7325164
7325146
7326541
7326514
7326451
7326415
7326145
7326154
7321564
7342561
7342516
7342651
7342615
7342165
7342156
7345261
7345216
7345621
7345612
7345162
7345126
7346521
7346512
7346251
7346215
7346125
7346152
7341562
7341526
7341652
7341625
7341265
7341256
7354261
7354216
7354621
7354612
7354162
7354126
7352461
7352416
7352641
7352614
7352164
7352146
7356241
7356214
7356421
7356412
7356142
7356124
7351264
7351246
7351624
7351642
7351462
7351426
7364521
7364512
7364251
7364215
7364125
7364152
7365421
7365412
7365241
7365214
7365124
7365142
7362541
7362514
7362451
7362415
7362145
7362154
7361524
7361542
7361254
7361245
7361425
7361452
7314562
7314526
7314652
7314625
7314265
7314256
7315462
7315426
7315642
7315624
7315264
7315246
7316542
7316524
7316452
7316425
7316245
7316254
7312564
7432561
7432516
7432651
7432615
7435261
7435216
7435621
7435612
7435162
7435126
7436521
7436512
7436251
7436215
7436125
7436152
7431562
7431526
7431652
7431625
7423561
7423516
7423651
7423615
7423165
7423156
7425361
7425316
7425631
7425613
7425163
7425136
7426531
7426513
7426351
7426315
7426135
7426153
7421563
7421536
7421653
7421635
7452361
7452316
7452631
7452613
7452163
7452136
7453261
7453216
7453621
7453612
7453162
7453126
7456321
7456312
7456231
7456213
7456123
7456132
7451362
7451326
7451632
7451623
7451263
7451236
7462531
7462513
7462351
7462315
7462135
7462153
7465231
7465213
7465321
7465312
7465132
7465123
7463521
7463512
7463251
7463215
7463125
7463152
7461532
7461523
7461352
7461325
7461235
7461253
7412563
7412536
7412653
7412635
7415263
7415236
7415623
7415632
7415362
7415326
7416523
7416532
7416253
7416235
7416325
7416352
7413562
7413526
7413652
7413625
7534261
7534216
7534621
7534612
7534162
7534126
7532461
7532416
7532641
7532614
7532164
7536241
7536214
7536421
7536412
7536142
7536124
7531264
7531624
7531642
7531462
7531426
7543261
7543621
7543612
7543162
7542361
7542316
7542631
7542613
7542163
7546231
7546213
7546321
7546312
7546132
7546123
7541263
7541623
7541632
7541362
7524361
7524316
7524631
7524613
7524163
7524136
7523461
7523416
7523641
7523614
7523164
7523146
7526341
7526314
7526431
7526413
7526143
7526134
7521364
7521634
7521643
7521463
7564231
7564213
7564321
7564312
7564132
7564123
7562431
7562413
7562341
7562314
7562134
7562143
7563241
7563214
7563421
7563412
7563142
7563124
7561234
7561243
7561324
7561342
7561432
7561423
7514263
7514623
7514632
7514362
7512463
7512643
7512634
7512364
7516243
7516234
7516423
7516432
7516342
7516324
7513264
7513624
7513642
7513462
7513426
7634521
7634512
7634251
7634215
7634125
7634152
7635421
7635412
7635241
7635214
7635124
7635142
7632541
7632514
7632451
7632415
7631524
7631542
7631425
7631452
7643521
7643512
7643251
7643152
7645321
7645312
7645231
7645213
7645123
7645132
7642531
7642513
7642351
7642315
7642153
7641523
7641532
7641253
7641352
7654231
7653421
7653412
7653241
7653142
7652341
7652314
7652431
7652413
7651342
7624531
7624513
7624351
7624315
7624135
7624153
7625431
7625413
7625341
7625314
7625134
7625143
7623541
7623514
7623451
7623415
7623145
7623154
7621453
7614523
7614532
7614253
7614352
7615342
7612453
7613524
7613542
7613425
7613452
7134562
7134526
7134652
7134625
7134265
7134256
7135462
7135426
7135642
7135624
7135264
7135246
7136542
7136524
7136452
7136425
7136245
7136254
7132564
7143562
7143526
7143652
7143625
7145362
7145326
7145632
7145623
7145263
7145236
7146532
7146523
7146352
7146325
7146235
7146253
7142563
7142536
7142653
7142635
7154362
7154632
7154623
7154263
7153462
7153426
7153642
7153624
7153264
7156342
7156324
7156432
7156423
7156243
7156234
7152364
7152634
7152643
7152463
7164532
7164523
7164352
7164253
7165342
7163542
7163524
7163452
7163425
7162453
7124563
7124536
7124653
7124635
7125463
7125643
7125634
7125364
7126453
7123564
