2675356291
7920237592
4973612931
6784503610
1206155476
8937452547
6307868843
9920689266
3504871727
8610615949
7177115977
9390885096
6561159848
6304444763
9596217857
8859753883
7964333860
5889776430
9925405946
3247754812
6368021051
7850646258
7847240629
2813110340
8196933805
3400462675
5872829960
6613215991
2107587048
8296104222
5529028380
3919625449
7605029435
5431469422
3128892888
4383338047
9906879033
5041048708
9479392830
9891549257
3945935708
9978253490
4905677406
3485826066
5289607010
2772645202
6994510378
2046760975
9853383793
1741909885
4371380979
8243712202
3517417111
9408516621
9480810229
2646379749
6060853941
3155498385
7439725890
1765713338
8087635080
6135934150
9565990763
1150650812
2910427403
8037003492
6252443860
2223183422
4175716981
2379867048
2168521996
8499089314
9677371221
4904013741
4032175654
2172416578
5273647972
7630215650
4466025895
9083782105
3507382307
4691190898
2370692177
4627158845
3684883875
7505732721
8941957412
1140312779
5131206874
8445912896
3409454663
2521309913
1857338955
5603361870
7103004542
2994981639
6461561722
1812478637
6403585099
5249012006
5083873100
7318017910
7948469290
7337949919
4065956114
6273392444
4383295439
8557390727
8050417936
9253918870
3791963684
4727410064
3734721795
9955215991
3105321976
1064336904
8129738092
8874163855
2264856252
6133152694
2074379002
6903558717
7041302960
4543643191
8191387493
5879388400
7823850592
2528367872
3297037235
8894164354
1335014570
8993946455
9062699296
1386736026
7087652400
1549468323
1247049654
2251613771
9089013485
7206361057
6003390433
6453811315
2339754496
4101377639
3411864347
9745307299
9279952083
7656302074
4016757889
9803103673
8153382858
6693374371
4642029574
7912318138
8451001330
3222479854
6600643758
8930264386
3819816485
7597062895
2728177979
1980520243
3001580004
6314201300
4220245840
5254275752
5660091269
9282786770
5542239657
2944060228
6111900025
1919876511
5576691436
2976090766
7766537697
3407540128
9520716495
1110070816
5498622523
6390150697
7899893636
3496641980
1055016028
3983449175
6242550529
2681203287
3380497975
9780952132
6323861609
1150949682
1534747140
93346155466
97564300253
60566734080
95351140118
14432513260
66808675446
75391504967
70966045828
35340177808
98397250248
62656634171
12138935412
97914047876
98614525938
33505934625
10009809672
64849844196
39363895017
68267593997
73504194143
82276185113
94475382735
64800164583
22955463120
71944681081
18868202498
46468635742
52720161949
59420236892
55210206369
14084482427
19398408059
21828768489
57071963014
86661782965
33782887604
42224602398
66972688988
78048442964
64705764353
12830866971
37123570260
77184768963
29756052766
24360436374
92938245432
57416168704
39516022227
11007231074
71873471344
16498425727
20560040320
19923548107
49923667746
60995173085
89462386270
47431247558
57377932078
47146112887
31079076933
49846997801
15943855283
92705261178
87749002716
94822332724
61680488352
34756576970
23805251511
39336786251
50828870150
47151339482
60907020004
21199399126
89328756046
18968598707
48780528572
29173969987
76528406496
29628875702
81381376149
51863420594
21993412572
51415357733
17476818937
60647029163
38592034771
45468105189
41097391262
55054319877
97325435756
65833199617
70258016970
44145851996
30597668189
38078669618
16617556302
28238616613
29682642305
52802354307
78742212172
56088708998
46878598364
75944200008
61990934731
92531212926
49699409510
13328716191
14607365224
46467462996
67526747118
16609058704
30062652414
41034040622
27519006202
39950370494
10082256218
90772141136
76635237265
70223248238
22887735390
36552212565
99934701101
45306618285
19685185290
70073270713
56396959817
18077346555
73966415076
71682537355
71768247733
17896464542
37754465651
25271700610
28632031926
64131491110
92573501586
59023980315
27098031489
61301992007
17649338037
61221327459
29041790556
20415243575
67574538634
73981742985
32071563210
35649232722
46216089288
14898976453
96951155906
47767513292
80875145040
77877431307
44370507284
97389119970
16288165793
45574919949
61178286805
61511095664
75160097306
85027523907
56784401918
89179714428
73983605404
54038074983
15449388879
59809293999
66306683357
27387213395
94835926756
27952892820
11002536239
21428282999
18573549849
54948933297
35536476423
60706638134
48687519383
22594184177
30875409280
71162666837
36173899998
28866882118
36080736556
15044937715
53807865583
99134749446
29852311913
81349817930
46592378473
76927208453
24259404053
92340623217
19906451106
776941456716
919700111376
373719408014
639585872896
118947874990
303482790668
497608099487
581480636654
325696764744
996230166185
611119367244
315501665976
196853276581
138969224251
926101082636
933068569251
843155336549
958607957633
178530963418
944994481650
886010717039
251451090056
845772732859
714290917427
471377856574
546181525455
592957960850
765077450295
222196117806
971327197062
167431675838
964927652154
847426390639
679680420818
990023699172
415873581615
732198390526
773604953810
888891334419
348922971922
817702682515
601766365696
977464732770
250758987542
202066751508
588458167866
134767897477
521937723424
148723261841
577087328895
624945634886
871284155050
283118370936
841614347398
606621684969
392411947292
668874952360
200098913344
780678459398
839472694594
392006915691
573077481307
123128068037
963305036002
359096427607
890030685636
984388898955
134187388604
831453296077
267300871744
628904428972
440260145363
107481862926
549078364393
243295011081
884911623516
294028451323
355773515943
584630770067
722497944872
415544590898
404875199270
283598645303
233916975828
607380336214
979292741912
621824090825
685486290317
863831161321
517047013895
919736564075
143345654919
804184299835
575433078444
912853529979
452142679861
210003351009
582080501128
287674776012
725396328125
487391477137
373240613677
204249015041
542142006405
734231573983
557641072512
387532897302
930856622033
701171966406
995310611497
872779981690
974304287386
306860887508
164301064308
667410053084
991201539569
162138823125
487174086224
514354976466
176557436392
481529904799
401910975479
629937744164
633157486585
421526718305
882628843022
955854706962
167806625005
381633111850
727472042030
905570386910
785796962884
368218365081
601706776755
164296999292
748545752742
492740384475
572279664214
433803923346
211669313309
634000460419
152192428034
973780022256
322706249375
580118055077
190607826100
634702525706
361410438619
808050508625
321780695721
376175155781
691392820656
852184046727
962050186314
920722445395
821471313825
588451880104
396395820555
230420206737
388856949897
848639233467
444976474776
830005706168
776608048924
529900696878
577156432252
655886278396
251507470245
572291769523
964904429416
507877710847
859601562706
824868056936
746299987114
228252502382
815230795604
269463868493
184680745342
905685471030
965629685604
479920176940
424797545933
590525237638
309497754622
318218115588
742606610787
954783065168
241248884042
192417076827
504836460869
513538563653
6381981566404
2359673323806
8130413596355
7110491284600
6639061686494
5946376988264
3440301564162
7665821100200
9446116619193
2524389112432
1232788014625
7839575966299
6167692570587
5226377853931
7016495087588
2751999466519
7187850849216
3749047682506
8732940792762
9891750820402
1064726668471
3530554226246
9007061809668
7147890366592
8180189470471
6110479269555
1039131220812
1634766236415
2372304457898
1219845802058
2505870396753
6375686633455
8550157137545
8926293089732
7009579627876
2273321514813
4823044516463
6199583804641
3430455409215
6023412917824
3523155820420
8745860295314
8893518984934
8603461431848
3372387126000
8641546917561
4988252640768
9242132685447
3521547384717
1019472806413
7030573210816
2502632016032
6664694469899
9558082814120
8221901283298
8874378437411
3534965166369
5731805196823
8632176331417
6866690617923
7813557843196
4561337149787
6249182859694
2250721170430
9996155450201
5897069800171
5396202380832
9317125496297
4022320545027
4934461898205
5410454975442
9974820402292
8991087828422
1435460736548
3561674672692
6497035415263
5128889674448
7037646671109
2240660679565
1526575312013
9482924504396
6107745411843
4831313458972
1055274119542
2556687192562
3723778942253
8253986654828
4401061379586
3577720807783
2479802085556
4205072714843
6904395398373
3010215409433
4971895101609
3494406933352
6718680495708
4721245843706
3026845645142
6146087425398
9978236326761
6150829824586
2361462798036
2367651015905
9298199241634
6126415266573
4967155247708
4501659364523
3692750807364
5553056827184
7483139317135
5926832362814
4384970209538
6501447471855
3908594466987
3611134873275
2019219706382
3073606942715
2241552774490
5249214030072
8919262715401
7110359883025
1942852016753
1457579128113
6064907051097
2353711380601
5608963082063
4251504537030
3359958843145
6045418025772
6626684102349
6292629428374
7437053939234
3391783405043
3972509675714
4886477152777
8244249948525
1251237606879
3857392551601
3989142570208
2774623947698
9156952795833
6308776044657
9054212166051
8668068956093
1004168392670
7185045006962
2526820900492
3281588526722
7600246096196
2077478959775
9732562920116
3472449818989
7437361845875
7141533183913
5277804187132
4710074707802
6704973990077
4254187251160
1330036220110
9783130327778
2822362419849
9138014274591
7124176550169
1080148272648
3956290488938
4012212671055
8477543853243
6357580812495
8325712457202
8594161643468
9561808713280
8315001175838
3878451260093
8589096128413
8396286838210
5569070166484
1956564740790
6042523893161
6878744200160
9109343188983
4492262018438
7960281744834
6717101476604
5309299672326
3238957170746
3154483873647
5455813882953
4110284868833
2068634549322
3722852337127
90672269626239
35747152387219
87106644506350
27914829057908
24054618181916
30961343460150
22589970080191
38924078314341
40038945945177
58252651604048
15128215929537
73491658919335
87809922634509
96885162955880
26448350716166
71811548933444
77543398679208
51112576361835
27263502461502
85448695424607
75049928692075
40039785466982
51967952931248
60955024582172
56932629814150
26233738316624
17690074188693
38433829660244
44833853371350
81686281147183
67070578825152
55525443559460
49468735540255
21354998446604
58536520094239
39136545601261
40993546775199
30415281762008
73384639438269
71354172261481
50048434597313
75622232650729
32999034493347
33595818286258
80712213331979
63899667979236
22545788111420
73912070877913
50014792526860
44417815914817
31312783255832
54497208990591
12563961386081
46078718609870
73362650708518
18685658438517
28154312304377
45463120094045
58625377539989
36262795794100
91765492347366
18076345017657
37935477911669
24481237039716
20595042755131
21742875671744
24774290695200
30915104883959
71098419498110
93484116794011
23074025085028
19629260930543
70467981682314
42384500516770
75223232302753
37555206479076
56009324774272
11588020868875
44316470860587
18312979065216
82085298310302
73106314430153
73193813744986
95717369722960
56977378845443
45679307400716
11570308384840
28937868730701
79967919970454
49502201274276
89715439446403
15097832996757
34588124825251
32091997388054
52330364746584
13064474312130
28971907494242
18156615246459
33440762722148
83548121745512
77044310582916
11126160257700
59925357327729
16530346561454
53675122877641
53376302278525
51541083561245
45664426644698
46463581959276
29706140824285
38864135420460
84935749724162
86772407152398
74007584676015
23192553280629
72994942332133
33034202730792
12061578901116
27900421606677
96582831631764
32302567847636
24213496561858
61761140824717
73094354222507
61617053038439
26995452074246
40264269564339
68088725944368
28205843900355
64304389873230
30162867259414
36597957836289
76624831756699
35957842537475
38193676753532
82287181346305
48977435022377
34974882148098
96403148862019
36495093219310
80902249225459
87219718251482
61613167000755
22653744561900
94435843564741
14601975551744
66788896351647
34368260528445
28646426273549
62700728871835
33399062889345
82654638437710
62093919190346
94222607450141
89698910121376
22507777614631
40832943977007
45375062936611
88911107615647
99858376879433
36597830513077
60987745322587
79600585757184
95095889333781
28560720396024
64133711864255
75682666797390
33596880168506
49848204075726
63282160199179
27793534133836
39990408438545
36416881417712
86765705778525
99962760803594
15391587779048
35701736929027
89827951335012
85969048319574
79084779914636
97443569322470
90099486479833
28384830782042
50461300267153
77277872972396
74050110337344
67756444851002
53200433576403
26751415092313
13063226693435
25532773494727
513996114918445
711338292151531
765528690774441
729123076581007
541320229983301
922754419242418
598854077493896
545340735402273
644486170218294
399016660604560
961824847939092
217095893948565
667605074585431
505655586193940
360815909838444
350794797654768
488567557953519
926886972429029
302999670105324
730490236639845
490714100698040
121594619567952
547888886996513
946405500191839
163663724609961
199344358466771
964111559878482
711266960528365
492829317093024
272141768263044
862678970903341
952861645585922
762942673708338
527646291272698
418254103309886
766728833571670
408549702792670
968546094912736
745752990018819
779451511660927
622673694972385
166404630232606
204242383026099
773811145464641
877190952314203
870181567306019
796297742984127
773910786746163
614602223184576
617815892353107
724369790635391
680459382135333
692380208753786
665459492045394
273197294921883
483290410095055
604376218758707
529023343295848
638312591279245
162196650720215
954979911825577
527505223737807
215426557702708
450235482952940
273840630677652
144799530252778
233149448136677
118323636455150
837553954412105
337684160611410
970211975008172
801063761877074
141070722923650
249196924626663
982241600876529
846761801513205
779495696371889
476015120454601
802178234942751
173644840586892
741953492131644
477847443331451
229753694123766
260935660996404
935993854201874
345811732609967
933183638746602
145804383769012
315609273156642
305348198988005
320524476954681
292493372375548
206152832470409
716969802857267
154385821525837
956047285879463
678226454802171
809871821735460
800066626647666
451589907273171
937693852548100
114533527378285
958408123724735
293141324008080
709390827096544
483099451752567
696902619156958
527371214034289
273709110600180
444435661885602
131414483988494
981139777726747
305141991797944
488878575955328
236878807776343
346121090565943
412792971655293
798720646515949
230559468030167
475993358530141
525419291622490
153799574075415
509611639054988
316223263149212
914252742503382
901445378971010
547865480515553
846019700630833
174481680908453
361558308724538
924962061065890
552774307185201
921494730540261
360905176928937
208746271675218
705756738937502
200982600455761
383260740145368
606742948615241
253150773147943
397046724089510
232450391083611
203762923910119
723249359105410
844986215318738
137122835910217
725889955342845
856476735038424
919611266804471
697257517011255
965999759713727
563730030145616
434733541680171
771771002670037
419144673694316
485717944664936
651309235270359
842722388940500
316739001916701
739872664089282
395408517676809
205351994706746
121508694564778
256297354513001
223421569326039
746073869331641
664448576634166
743981676182529
852457145687270
634962833778166
403176525317012
683302631314293
988863319411835
799135661903950
519142538656103
825603212261982
518653931602956
939961206025162
306458766905688
577980962323166
126126997944722
391012646079632
207086185824046
474702185093610
676448216668242
287438280136530
795770856659109
669161164739052
200309865678663
328059706019742
3356462122080545
1554252493256611
3791833014689606
1991584932545132
6148174755581762
1862996752884845
3928893477349139
5964836632670129
5946343804934613
8375927507828548
9367262116021414
5141587700146701
5322636502511405
1288910256077643
1934656477072214
1542818088643604
9152740744951266
7830574525904890
9907642748559576
6523877902907236
1404273922428105
4531535652981507
7950994514621067
1284856969767536
1799313135112606
2602664341889037
8208355769385022
8081522523582436
1029910298242432
8798413996542284
4381899231965324
9866772326721434
4444777663987436
1595831852209753
6208881871427632
3167158797321126
1782579911784548
1111900451598757
8278290196636168
9957521319098081
8599687424784285
8098329638621616
4024852595321947
3533293289026869
7774479892969446
2982364382371591
8725538619056957
8063576949432990
9755464642619401
4994835298288557
6197859661284443
7394682072729053
5363946323776370
4815009951906049
9026379247639179
9154127023382374
1954114945215768
1969202786050899
4249497622502922
7675351311222777
6136970782806642
6711324767454847
4894579697232739
6220987643402851
1880470812863628
5990555260033941
4867871656574604
4139399342486374
4497154828444166
4157790106572546
8917748182570154
7184480982621352
2001395088252973
9704989722094744
9083061235310559
6850874089735505
7828053683153693
9326405130866414
8633249514309623
6795045903329128
8206840160085882
8241366686726628
5621093090002256
2245853899417226
6880070094252234
6323334952170048
2864078520785400
3528492764802640
1328860567279034
6036812815477190
5832609891027558
5767558676346186
3297649280222881
2796584832118772
9905188332233810
6263795158061868
1882701723196948
2872943924914642
5161887103044842
7111355260002606
3431654808862544
3941303438254798
2687505368134193
2886234788608105
1245735061256974
5947657456653857
8338886661610037
3618902180598423
5309961591640448
2774176694210243
6505018851411239
2097884114567902
6547318820251363
2127443921025312
6889821072355618
7342485702017025
8332326603411516
3302025264489594
6749544257996249
6174338017723770
7782151247596969
8510549282154433
4589726235416031
3682074148684879
2835162788730378
3118258052133912
5512213145533774
9955910263495800
4225490946832803
9586749167267302
1195452631045823
4221194090544085
1177808064009934
7530820584581433
1341527738662920
7884391874437852
9967696478418058
9183179609661041
4788458079047161
1271090653624544
5804893841004146
3707570495951419
5949902126365514
1951366427838517
8815034509033844
2813432390809939
2935454719553223
6899381100261251
7756467130556926
6982284445818536
6288631187223034
1691037875503848
6645722077201187
8958726551519535
6523793114294413
1167619320888895
9437542068491802
8081331231226482
5810898489314816
6215449867270938
3387164536484832
8571021696815398
3103651266190385
8630449254755156
9500768868446654
4126106542416314
1844844093636419
5394038475081170
1098081840251154
1559146128220940
9096158529674801
6208658878838871
5441973869672494
4008196127198152
1427744964238133
8519536167300615
3434310760903770
6554731034641745
2142812938608606
8548782345391412
7238266087793068
3571036329961204
7827804719877764
9495045108304902
8133852841705392
5294312917831134
2593544362886350
2553482244398873
29394214090594642
72236875873267326
89348317892283426
25612151183779703
86345785220854625
30960467330806432
30964170534111330
66119399165399586
73056489512550393
32460190258070377
65308586715261707
59754883032755405
53057593765648535
23439606366993490
90466940906719283
75782393954973939
66066639687114694
35150657963148976
40610621012697134
89128654441015288
61664823738269394
39614947485331697
31596435584920101
75464019390399460
95606298208699145
28697628895029809
19251211347943722
67516038218152297
20977683955348209
25046864183069356
54521086106218715
31051378405027471
79412235236770077
55275790667849900
16649528727561288
40946740860194788
90825591612710706
83589790188163446
85277448630580858
99957895331942769
26699640645650577
26901005292457016
73169745704661361
93014459172902428
24106563619967588
75972365517550080
18910828876672489
25398045243236329
32119998138022751
65102555387532743
13966760936014636
81539482778263759
97643244829529693
73231159636890574
91505458429923448
14649220397709070
15699581158905371
53445445344327987
77272265724965432
56602267075971618
97639227782109982
98137624008031714
18839049249482495
69772585977562645
12686526885512592
30479337891568728
31171833104592750
15496742744693931
86548199466637398
65141720013337191
21867542471568094
96399942663976062
67496643664293054
48124732340565406
73661081588974818
91817883556466723
11102999592342725
94001847411707137
99408944117772372
87320612326351221
37740438867025979
40473000344565230
55372006794619766
48422979614864413
73415086072893955
84237916557859423
11540051346073426
29967762804197453
98524424786539435
93404845702359321
25455009952684926
22123370314613458
61868226631596900
88661154699486772
86689958768712770
97266337906307167
62121212691892640
83196746562299723
64223315779816155
10578709893178692
23622506211913163
55064481462876468
40454775383621348
58044431077151128
95246608952723749
24511429553412137
39515009586416969
23189640985857938
50888642438461792
48076674587572552
46872838219417426
43554401678031638
24845008742472947
89667462558650066
26732090296247315
82559514530128992
33344089912449814
37432664756187423
53055291184872537
73490208262756151
33113512968862131
73171457264664977
38636415648973483
40596154561425480
61837854114691640
87855907467492798
95016796862000796
98174816315175888
47253556727369376
10601338818865602
77951609648246406
22643621402629434
35781525177020206
71931195031731201
73010715957826919
29054127469597818
99896578260314239
93609650551381461
44261390758852862
34732027940852478
60005803381569135
87251366726509509
69649715851307234
32255805988839913
86881922845403740
52932735646146827
69315067551575860
71676925704730312
56680506717208665
18020423454872762
23784406362010034
18653333509700290
10599092007636591
46397279498484563
55087740511626475
24246396762348048
95986060808440086
87513969065858348
44457213433127890
46304119965801456
69643077776918579
32090591848797683
30078661738848068
19333105193423532
70683769587510543
36515857122394362
19907680635255818
51414131832806443
13349106162426597
52337717352695232
22970325294118441
63178550075411828
82602013879212529
27796269342432692
45323244518687368
64969304566959581
17480441389309015
45524121391494452
87747679670387162
16625774239690574
43311651567737599
98621791748393925
10348131090910883
42256205698118372
23565598425853693
83492293801109567
46070687966521082
63814946014938747
25634486786938331
26549053029711574
45783398341755511
16958829178881351
21767833686741446
38488466614794062
85335902068612672
50191591199498141
949507331026466758
216620711240781510
868998003311950055
572041978304895083
985196819586980923
314282134986061378
199178987218254436
439891615511800079
583987424914943955
622931133144858757
834175714261106237
105543043548575870
772603665151156622
974271020959741566
824057824062858120
222211636499935092
888118691896538951
592101753601181410
830208807325517620
441154298310643141
339867598929625788
886934016941800768
283900379169848772
401529528322016138
278676055995028748
185317478772740636
120290487081088397
858598224782022244
730462246215086884
289229573133573136
645318476418619869
146683534118155695
814012331926485360
759352109081898030
815000053951123677
989800980406222442
974685933811092012
456211655072146753
179101142274442873
614035724453424645
473839267911245582
578702260611515546
949673058074242067
970698763323882467
887021551345616426
996344380167446567
128112579341779642
505121392118658763
228167975595510843
273871369195835094
304871190723396180
310569929080906977
172015198097600299
603122283976850885
152958150063387701
570750451223095145
483718505746719769
306536409161246277
229418705599825373
322655229998137546
139827072704746303
429330828582142969
717031452354995973
679398612347356499
121162212146528836
410905669560203568
421306787255987883
342466421209121729
289848838684438914
468351588005306364
349883374512872255
341714899450691597
576872799860597773
315319420892180164
449566653591228737
302926747588449905
503717925599211357
778875264514318245
828813936529690465
214569661314165978
768384401150384165
662626277978248523
742948909658833479
866278855286649509
283761216004792962
392269676763946928
461628750372594955
824074645046800728
808925894541986162
579458655869069916
102641504143332782
493215804193195858
546179608543148354
505648818323361640
300031646181108947
253216822457057310
763504583253236464
889361154266949445
683037511158067540
270539245697192250
531213000419389131
169033165686317730
331626617920012045
328081268785218935
827157278920168442
705387686232989238
866669273891316614
324565578865223812
181194262624861336
869832362615698782
167005731202481325
104170259390958253
741385100570694966
857068560399462940
996912751374202858
559495091304323437
116870090596365850
333708952445554524
652435105817561381
269816571848312849
659725650494853889
223227347768337374
243493941767500739
669565848609152568
111889916407398953
735228973757981872
583078169719056475
182182010731736914
940052517384997199
410529008149001354
533973844757989628
360783916556600585
413285071370731636
743209326372788183
747474001569002523
811240342376135709
823635850300823284
681162411529554401
247847200267440504
967572218323182930
124911528760029594
750680098238661355
501987323197067868
585181797368061048
746919887680485669
960363073680727658
953489435123803266
610447614192867267
840678732516157594
606335109878028619
711082550413820155
142532931226967962
720450671325998642
737208097613955535
387548426841701909
575526084358647188
645862894083271709
835531134911358432
865327036247282035
213946720055530059
155547579841764602
536203703315582022
518625463697145568
138903736953163918
249033680283831937
936389228323464599
104734074640478879
297421096280386340
361596476190387718
673097150555847335
330135002104397584
943101594845096223
467400697444007101
658730614848205927
951813804114292025
197781050437601634
416550400879166067
707795902257585255
286279152724141049
611109951520208778
127761301791404723
854978255155675366
676702959188052121
385561516394182894
548420071205282063
210851909848408838
593047067914824905
948444524005208467
555616167117387921
456708704401156964
513888658084763581
460991671423937745
357207834668741832
5515920896568150148
5649490242770029237
2219361631418922024
5327346795097103021
6663795732107591050
7120435476924661730
6233726906129344890
2084868598772002381
1456020810612660247
9707729202779539759
5720382742109178483
3032583434534737777
5830139532264702656
4166095792082694901
7518330197438191268
5123919833278553964
6153264425838097307
9134707864015559115
9396305802666903293
4300879105690576754
3165280473536556457
9454130987198752557
6477136505141783214
4518460949553324801
5347042476653737668
4471997929982354980
9642501360536267446
6547013193881508512
4741218676423815967
2712230744004536824
1894609768076310610
9052788722432398507
7007319259530077875
1163553252662838230
5744912989290847570
2872632884901372491
1450498060368204725
7489051444140665647
2204401248924734261
5243018677149306610
5956700173005438544
8793191933142601935
7584932778418361470
2144068993788729068
9212775465389729400
1933675835800147801
8544495015676122993
6145394396243619760
3860905008551926882
8449059039977708779
3448387279933335045
1634352123017723595
3681238294840486909
2973896483080014308
4788364493855683779
6042066685044929593
4419025994514247023
3545464078622834083
4129388533329703563
7278004218341756641
4458352027589271515
8828112857860210118
1742193396764247587
7598728156003636580
6920390977155054435
4704351133792026147
5888933578588851382
3003241588527308933
7164935410520884299
5659257112975716183
5870854165462154647
9886513806306215758
2425591340558515766
1191308088514989914
1129736402343476778
4689580497108315791
6657156826502398124
2647973866903704262
8173879251070944919
3804105947768698382
8483547488556797878
5504294798804850424
1078995763120184242
5058008445947846794
2795171313955445542
5166905929468639355
6448805557768558709
5589139704610010366
4562032731969960277
8363693951996748168
6751831001536384233
6495434724543051381
2986480746712666223
4189150534035119138
6566452678249252767
9077306465272036584
3819061941261936022
8459718214993285995
5923071094860687782
8197475582011461204
2404004986749845792
3392975179534706746
9511459141976016079
5412131877712928632
1101429499375627937
8794645277540684070
2484023272099065410
6780565537621584916
6863840252650467233
9996690608566397811
8738315768380448466
1123530571031516684
6919579146807234851
5400936612001319110
6056511364038258546
4690229331804599604
4685865501589681996
4007710607053525106
5120718763134223331
2113939047088296595
3771194425128287870
7026432930509210374
3522000892452628069
2457867433291411731
3549389369055524328
9276899522609093098
9935681001873644751
1719932943844310150
1112976629927146688
9865178520811932810
1079318906914597472
2301455366686309580
2982699084987111666
9250851351012038221
6285499085500038743
1538769902016060073
1005053908163660270
9258240433465737266
2709390782404186703
9799437915163478598
6237334347406313682
5589957455089365728
3237740654610401998
3858113033345835561
9910332440138841172
9708855316325640165
1836870964593701256
5189722019099387286
3187881237879698131
8133610818671651483
9296005356579905225
5133804480644824878
2534661186710260316
7395121191577133754
6305875102617680891
6960025972827185858
6516116128059979130
8844120988173266527
5051132482653014516
6747206955777518034
8053367805343917096
9662171337118841431
2604543559207930863
4643406147755011648
5145275251687042323
2247478237600052936
4241383818733309012
5858032968303938896
1362682896596076517
9035993989272820960
4508776313635286116
7004124086021008083
9046425753853894356
6764962176288872249
5920937203632474205
3808870131000509894
9247641867047027948
3927448442796264603
3586523464635001487
8519984709174951385
9349540128253372339
7228179684729124545
1977341872414697603
2085121896038713341
6553443066629672101
8136049513708254886
1466158251234704219
4855209298662445149
4320147558007551764
2269704054937330925
7580231025068777929
9097358473101903525
7859538678358224928
4199102840758255731
5414940888742755903
6080455218865006606
40212378534695124962
71731769845068217272
12456865318601799883
52333270546713511044
65404484947392729976
87018423853595254870
61793912588212256551
30656233215485996244
67412088391486201552
73702327077718047078
26159224555827262189
30776694527333485030
75553791686854525998
53391194379827116274
61705214029658769406
70221060676848372094
89138098748970397366
86876734440763905081
37373650414214897233
30810531631580855818
20149084338339604787
96023634609613712367
60200778692497972542
93026274918158327416
76773929174606423146
42816577255034526566
96790206994197774799
42867633447016368970
21098469620027790235
38894703943063931894
26897811539420010406
33218429030611615778
82833075778211053176
79501098891174694463
14502119955907008007
76706142683153567484
84996816520410054414
69396244663254855419
60675239633683409085
82988641738797542405
25047165817127104477
88322565355060896580
82023680327279427173
41780538589013373515
52697436904292248306
27075326191562425135
74091823495492946756
14278081766465560029
90756542147774595661
89297299346533190504
43952441583405144279
62663636066651895166
96251670785263526144
69110846410355643613
39633567960193197061
56850334671754201107
88447463592199425002
69610922665621368739
28312812221104198576
31297281318349542966
99610498393434352686
51728097650839726106
71553320159234053930
13116948506981415521
74099582605938732603
71542017373782833295
91884164604950181018
66812343944023651012
19847941004895049433
48333567927811626926
47812077365318984679
82744557180181589447
40089446302578223953
62430506296394261011
10314729030475535377
26444756825056448573
90385823535470847449
76723700073304818181
21937892910503883000
33046874949054035226
29909219575071678065
90596138990091912189
98945773484565190180
21302713891608385843
21020349380430804383
64514098540772708856
61391759227678290344
13733838649891966188
87996942598991276352
31557386385096801162
11210046391468428259
88369697904225352181
59501329219377237147
62207437773744086120
47090707654806749628
33433275293992283950
70157211232577024866
17306613968993817930
60134710328388941259
75562607634412687155
27208762510068249204
35035760579412298641
29716836415140618887
49068054430321126060
64637648422341346781
44156975934510574318
42696467663270888581
44001635411673449105
14723583808221584225
35729861623095545027
69227649409194000162
44348143859893760920
12252488968394301696
56364358463800058066
15328419218046684440
10947963544399152083
79879235439725421098
39555973473682506359
21005327391567064524
72364991035356918869
36634386995343752157
15696574698471802713
87742957837307176655
73783157411385592488
20157734394683100864
92974224067092967318
87539735155655099497
56824578477320204931
98297158891673023880
15837450820641457456
95117426709485150332
76753400281794648418
59984919378146608626
25579442289399781830
36506380973620864014
23143426412062810829
52470091516050492044
52754058997136458509
34376892448825441330
65912763806555154519
73947290429130329821
78104655717002941985
48142035394215672363
95551869670695918457
40559005533180497456
47101166175142142608
56277932804536655482
66323813636455279459
84991459679403704269
45634591623214450337
59870496409164736818
29874839576475425385
93986587312290873742
50154604337645293146
86563030309516197522
86927451019665290240
74123878218021766887
36415659780312801644
76824634621294959049
81463527192777362726
85553577495733005817
64130304010777044803
86888389239944105628
75401882450230181016
82612374266926126561
34702023865157586224
16479225396988393979
24365087483320262911
62653942913541269237
61609010292667974187
81580605563643744786
62131550216574555213
87873542366572849880
67113836195092569797
22811992679276263255
60201407763165256713
12678995762702145831
29996767042429420996
37873387624715384200
43705716552252802764
47887209365635306973
40700976301209931867
80072962214394583245
57780868622821317561
90768204961631737791
54357123434421241939
84388069481816540183
65871264186814632770
52556867339146264992
65151438648813799434
48466876325063108062
53363228872710328172
18498217696942464243
17799506713654695556
90318745108097960761
77706464171132228751
