2
3
5
7
11
13
17
19
23
29
31
37
41
43
47
53
59
61
67
71
73
79
83
89
101
107
109
113
127
131
137
139
149
151
157
167
179
181
191
193
197
199
211
223
227
233
239
251
257
263
269
271
281
293
307
311
313
317
331
337
347
353
359
373
379
389
397
401
409
421
433
463
547
571
613
631
661
719
733
761
769
829
877
911
919
953
971
991
1013
1051
1181
1193
1201
1301
1361
1453
1471
1489
1531
1657
1741
1801
1811
1861
1901
1931
1933
1951
1999
2029
2113
2269
2311
2341
2381
2437
2521
2531
2647
2791
2843
2971
3001
3119
3121
3169
3251
3469
3511
3529
3571
3613
3697
3779
3889
3967
4219
4447
4513
4621
4651
4663
4789
4801
5101
5167
5281
5419
5741
6211
6301
6661
7039
7057
7321
7351
7411
7669
7793
7937
8233
8269
8581
8779
9241
9283
9311
9377
9461
9661
9721
9901
9941
10093
10267
10459
10513
10711
10781
11173
11719
11939
12097
12251
12289
12391
12641
13267
13613
13669
13681
13781
13873
14281
14561
14621
14851
15313
15401
16069
16127
16381
16651
17659
18181
18253
18301
18397
18911
19013
19391
19441
19531
19801
19927
19937
20011
20161
20173
20201
20359
20483
21013
21169
21841
22111
22189
22447
23251
23497
23981
24151
24421
24571
24851
25117
25561
25939
26227
26681
27011
27361
27541
27751
28813
29191
29303
29611
29947
31321
33391
34429
34651
35317
36739
37199
37493
37633
39119
40099
40591
41203
42589
43201
46691
47629
50821
54251
56897
57793
60493
63949
65213
65713
68111
69313
71993
72073
73009
76147
76801
84631
84673
89041
91193
93563
93719
93911
99371
106033
108301
108881
110881
112909
115249
118081
120121
121021
121151
150151
151051
151121
180181
180811
181081
193939
199933
319993
331999
391939
393919
919393
933199
939193
939391
993319
999331
1046527
16769023
27644437
1073676287
1076010251
2147483647
2372537681
3196212073
3270346363
3326526587
5093606261
5620229743
18516091249
53299960643
57353595979
68718952447
88290108167
270405800701
274876858367
351727960823
395005637321
699363633223
835570882039
898683667307
911893851679
2237586756719
3723155710607
4186314902911
4398042316799
5715508350179
6778705740487
7267356611183
8384148762343
8650316995219
21649132909783
37668561122459
37759122737659
41326021479053
47531871712631
58095347803963
281232209274509
326028419574587
552728283613631
563862392740279
803677774020661
891035395639531
931214214489869
1125899839733759
3564263104874099
3643022558365207
4391166575440753
4878936971776451
5799963053105003
6764799927892471
8806631230341041
18014398241046527
55458709165560461
78287498496714151
88887010563659039
93627444326032193
315763147500627161
435054998659411147
504951249653816963
528903560265991723
1111111111111111111
4767285501799181839
5042890651957430071
5457246062328498043
7413368263783787351
34050958923936410041
48859555788991393447
90587973673757726557
91010411847952763557
