211
3196
8946
8002
966
5776
9549
8257
3040
9476
4191
4208
485
994
8280
9945
7100
7460
8220
3177
1689
8303
2845
1982
6076
984
5286
3905
8326
9560
689
320
2659
8156
1376
8349
3157
6128
403
9036
3947
3596
8372
3672
1353
7107
7740
6625
6797
8395
8729
2012
5085
2107
8161
2523
8418
5634
6539
9905
688
7718
1785
8441
1949
3210
4196
3866
7370
8753
8464
6397
5932
4940
5906
784
572
8487
6084
1953
7465
9271
6897
7017
8510
1796
393
2626
9937
5091
1211
8533
3642
986
7174
3162
6277
7949
8556
6981
4197
2983
8017
5708
2491
8579
887
6275
195
8637
2949
3893
8602
9600
3675
253
5822
230
101
8625
3013
2164
776
5312
2721
6881
8648
8899
3494
2030
6479
8588
1870
8671
5696
8645
661
6739
4521
1297
8694
5280
1497
7785
8574
7322
1403
8717
7733
576
6373
5530
867
8607
8740
8625
2257
606
1168
6786
1821
8763
9097
180
9812
4567
1188
8193
8786
1441
6643
1018
2426
4865
5281
8809
963
705
3095
5040
8719
29
8832
6556
2905
1985
8251
1962
4196
8855
8318
2292
178
5931
3045
4885
8878
8074
4530
441
5837
5430
3140
8901
9214
5500
2772
9217
5612
3115
8924
752
0
5328
303
-368
1872
6179
4668
1723
-584
-290
-1336
-619
4129
4681
758
579
3971
-2411
364
6302
4694
-2499
3827
1177
2396
0
5289
4707
1615
2827
5850
1372
7269
1535
4720
-1954
1446
-2167
-1221
-520
5467
4733
7300
80
0
-1564
-321
2292
4746
311
2315
1677
-105
7399
4759
4759
5394
-829
5785
250
2566
-128
4772
3562
2563
5753
6010
6480
5585
4785
-2493
-2026
-1163
-569
2554
-606
4798
0
1716
1316
1236
6649
-1756
4811
-1053
6586
247
1083
-2441
7492
4824
94
-1066
881
5715
4410
-76
4837
490
3681
3003
3218
-776
4481
4850
19
0
5687
862
6602
-2123
4863
4340
-2448
2652
-1531
-1360
109
4876
7190
3328
5089
4667
1843
-748
4889
4104
720
-307
3237
692
-1276
4902
1448
-1412
6701
6779
5347
5048
4915
1931
6273
1626
2209
4939
6384
4928
5101
4412
3535
3915
5030
568
4941
0
-606
-1516
1977
-1292
551
4954
-1630
392
5369
-816
0
-1058
4967
-773
1686
1138
2358
541
4537
4980
0
-1737
-2057
3662
-742
1938
4993
3740
1133
4263
7388
1540
5907
5006
-803
6769
6130
4712
2653
-27
5019
4028
7437
3281
-827
-2354
-1347
5032
-1822
6111
-512
-122
6463
2006
5045
5484
108
1537
9067
2812
5148
8334
261
0
2781
7355
1653
579
3844
4072
23
2908
7862
7087
5622
2462
2427
46
4895
1453
9545
23
2831
7218
69
3983
2673
5841
116
6253
6880
92
7503
7892
6972
3402
2293
2799
115
92
104
1487
6226
1303
9436
138
6790
2568
235
8965
8518
3016
161
1843
995
3140
7367
2338
5647
184
7600
6277
847
580
9744
490
207
8964
6544
7686
9035
7596
7875
230
9862
9682
603
8356
429
1263
253
2645
7829
605
1278
9182
2653
276
4264
5909
8514
3949
6006
2208
299
4159
8040
7537
3185
9059
5698
322
974
6128
516
181
3142
6161
6654
3477
3211
-1
-1997
-1221
5540
6956
5241
5501
-14
2731
-671
6626
6747
0
3299
-27
3976
0
5498
3802
0
-718
-40
-1151
-1128
-1139
5345
7020
2416
-53
4536
3058
186
6919
3128
-817
-66
-2389
1386
1832
3966
-1298
5634
-79
0
4407
2563
4505
-472
2280
-92
5553
5981
461
2481
3065
1452
-105
-945
0
-272
-1932
154
3670
-118
5346
2968
-2444
-44
-1675
5794
-131
-342
-2157
-2236
4605
-342
4311
-144
57
1164
3022
5035
-1270
2083
-157
-2230
-2252
-159
7339
2540
6934
-170
3712
1910
7281
1959
-336
1282
-183
7345
4325
3379
