49
653
42
163
171
184
824
0
514
153
210
175
416
228
23
331
295
782
671
613
534
46
148
318
915
526
914
289
69
823
739
82
475
775
113
92
733
711
579
990
178
536
115
360
16
992
697
493
399
138
498
378
417
235
211
-95
1
507
591
327
120
323
664
14
407
-122
452
427
0
688
27
-32
746
226
461
0
0
40
83
510
724
200
126
-180
53
500
504
-95
639
278
114
66
145
229
512
670
-63
361
79
50
531
360
959
164
248
293
0
666
328
525
95
334
564
23
451
767
599
392
448
992
46
316
440
144
313
532
759
69
353
560
741
890
176
347
92
309
295
70
331
210
627
115
833
9
827
704
167
860
138
629
573
690
621
351
713
425
-1
187
270
-130
606
132
0
-14
656
746
573
-4
411
71
-27
162
-127
5
521
354
-227
-40
-75
435
-92
-15
-11
-245
-53
48
-199
-109
695
148
17
-66
172
374
305
211
0
410
-79
541
