810
1817
5445
7093
5214
6297
9681
23161
4033
2831
3687
7369
5150
8516
23184
360
7315
8898
6167
3044
8297
23207
4612
1546
2691
2003
8592
4556
23230
6693
3786
5660
7319
7063
6064
23253
1976
777
3532
2131
4307
9458
23276
7586
7528
7792
6000
1279
4028
23299
2154
2012
1303
2438
2255
5283
23322
5299
6595
5148
4759
6047
3451
23345
6255
9103
6873
9427
9092
129
23368
2253
309
1424
854
5423
2354
23391
1434
936
920
1032
5142
1449
23414
8096
7909
9677
4371
5693
6980
23437
5162
6296
5718
1403
4518
8727
23460
2647
9904
9567
3816
1017
6345
23483
5639
2667
9360
7042
804
2198
23506
4016
1664
9638
4612
9840
7279
23529
7719
5620
4477
4979
5950
6603
23552
1880
5303
9060
1087
8356
265
23575
55
7201
7600
4977
2500
2804
23598
2681
4360
1358
2572
242
6810
23621
6447
6220
8363
7399
4717
329
23644
6720
5000
216
9112
823
7069
23667
598
1550
6348
22
126
1422
23690
9697
2195
4943
8541
9070
2516
23713
8390
7594
7262
9719
6644
7171
23736
4798
2346
4923
5950
7208
4425
23759
1880
8885
2359
6953
5665
6197
23782
153
558
8592
8402
5976
4895
23805
3857
9754
2451
7073
9222
3417
23828
3329
1690
6029
5620
9490
66
23851
5874
9949
5174
384
9616
7931
23874
2574
2349
9284
8410
583
439
23897
9579
7675
6714
4098
6282
3974
23920
6996
9321
9454
2385
4621
8854
23943
1732
2911
6051
2457
2357
5742
23966
921
2577
3992
1953
9352
3403
23989
4731
3491
1745
576
2213
6127
24012
1268
1638
7328
3433
1443
6481
24035
106
1443
7112
4039
6818
3735
24058
4701
5382
4913
2868
2395
842
24081
9907
7868
3092
977
362
7637
24104
6512
8974
4384
7823
6271
1928
24127
173
1964
4384
4945
6484
5964
24150
6602
8862
6022
4958
8047
4202
24173
986
3470
7751
9846
1845
2113
24196
9450
787
748
5386
4855
9914
24219
1812
4256
1328
268
154
5214
24242
4565
2228
3628
9923
872
8656
24265
4413
6849
203
910
3861
1450
24288
1602
6141
942
6965
77
9782
24311
1369
4583
8421
5044
7499
2149
24334
876
561
2393
7990
27
4451
24357
5450
9901
398
4737
2747
5519
24380
9231
2582
1105
2925
1932
5232
24403
1965
6594
7235
1963
8750
2399
24426
2467
7896
3763
5901
882
1387
24449
6105
6480
5123
4358
1429
4917
24472
1308
7469
8948
3626
4630
5921
24495
9999
7700
8075
8410
1607
7727
24518
3666
1168
1642
9879
4415
2259
24541
3632
4067
4115
3461
1481
5255
24564
9832
737
1330
6151
6247
1382
24587
3399
7695
2502
3460
1932
8643
24610
6396
4928
3816
7445
3857
5638
24633
2965
89
3914
4282
7859
4910
24656
3460
1262
1481
5087
1326
4748
24679
2050
9326
8682
8228
9161
6387
24702
9446
7457
5655
7788
5679
2730
24725
3347
4223
306
9199
5080
2976
24748
5626
1879
6879
7913
3943
7365
24771
733
1715
3508
6297
1090
6877
24794
4506
8620
457
701
5477
8351
24817
261
6674
2336
1089
3421
1588
24840
6416
726
4863
4122
7312
1886
24863
5074
9642
9225
3465
31
5149
24886
3222
788
7168
1286
3059
2204
24909
7296
766
3198
5838
1983
6946
24932
6151
164
8881
8733
232
9867
24955
6792
2710
1567
8433
7233
9466
24978
5791
253
9628
7219
3272
2566
25001
1906
9708
443
6497
883
9435
25024
6470
4786
6854
8537
990
6710
25047
2740
5704
265
3533
6116
2921
25070
4748
1909
5824
6609
9770
4686
25093
9671
2845
7351
7936
5313
8752
25116
9865
7641
4025
8445
1536
9547
25139
1703
5972
1932
3240
6220
2582
25162
9951
2939
440
1786
8462
9513
25185
9630
3680
479
8992
2106
1648
25208
8887
378
9427
3967
2525
5025
25231
3699
1543
2472
4437
6204
1188
25254
3332
9087
6952
9885
7297
8567
25277
8044
615
4854
4576
1228
1854
25300
2294
6348
265
8010
907
3011
25323
1040
3160
9937
2700
858
1835
25346
9816
5764
143
5252
667
8763
25369
8214
6213
2239
5985
1147
1733
25392
6746
1430
6966
325
7659
5805
25415
4680
3117
8556
4925
1166
6118
25438
8720
35
6022
4713
8232
400
25461
4276
6546
1316
1360
7922
7622
25484
4233
1642
1828
1049
5487
6992
25507
2669
1405
5521
5480
7068
6583
25530
6203
3036
9133
2186
9734
5942
25553
9677
2599
427
6160
7764
4849
25576
9192
1009
6610
1434
9531
989
25599
1447
5330
7369
2705
1898
6298
25622
7893
6515
4017
1894
660
2716
25645
1753
525
5434
7929
3497
6137
25668
7715
1307
1802
7683
4319
1556
25691
1321
2893
6963
2714
1912
6299
25714
3111
5004
5093
6848
1468
1001
25737
7989
3621
192
1110
790
6979
25760
5245
614
5926
5562
1359
877
25783
1092
5113
9327
2607
8628
3561
-2335
7084
5472
6390
2838
13092
-119
7148
700
1366
6201
5605
13105
-2034
-1642
-1269
870
-106
3567
13118
5617
-1776
1462
608
1690
-383
13131
5878
7418
241
6617
-378
-2256
13144
-57
3501
5841
-2375
0
67
13157
3344
-1990
6955
2902
6450
-492
13170
-2447
783
-255
6420
3689
0
13183
1757
1337
-1865
4216
-701
-753
13196
6022
1214
6072
2347
-1766
4881
13209
5935
1566
393
819
-968
-1968
13222
1790
3783
3146
6312
-68
197
13235
2775
2982
6721
7084
4180
-467
13248
1826
6012
-2313
137
-1726
6610
13261
-1634
-1684
1424
7467
967
947
13274
6240
556
3206
-1889
2713
-345
13287
4911
1169
4093
1491
-1515
-435
13300
5319
-1344
2722
4262
29
3699
13313
5452
5766
1962
1129
-1184
2534
13326
-1256
1754
-1016
22
-1070
4517
13339
-1546
5813
229
1383
3574
1172
13352
-1962
142
-1270
4794
5149
5065
13365
6380
2168
-1633
6350
-1581
410
13378
1230
6258
1147
-1944
5660
807
13391
2246
-2116
7096
5803
-1968
4316
13404
-1806
-1714
458
-411
-2037
4221
13417
-2196
4570
-848
1771
4345
7260
13430
7404
3233
6761
7286
1253
3289
13443
141
-794
0
5006
-351
-895
13456
-1703
3231
1285
6469
4066
1910
13469
-412
1078
7239
0
3085
-1965
13482
1186
-1921
6657
1482
-992
-1855
13495
2153
-346
0
-2041
-1656
1976
13508
3364
3843
-1445
-1421
-2127
0
13521
193
130
3375
6049
-1270
2953
13534
-1757
3395
5357
1742
3106
3080
13547
-1330
5097
1418
-1124
6450
0
13560
-497
-1663
0
6440
6861
0
13573
756
-1345
-2112
-2489
2478
831
13586
6109
2339
3167
3623
1453
4364
13599
2800
6944
6253
94
4793
2090
13612
-179
3048
-1939
2425
3883
5361
13625
-1528
453
1588
2564
4188
-576
13638
7024
0
2091
6441
2817
3712
13651
3325
5344
271
-1037
-1216
1624
13664
5830
2903
4162
7171
-1070
700
13677
7392
7401
3621
3772
758
7019
13690
5626
-320
3607
5060
-578
-45
13703
3111
808
-2407
7296
6640
3022
13716
-1151
1887
-1260
5885
-1225
654
13729
-741
-177
-886
-1645
2786
-2161
13742
1186
6308
4550
535
2676
1880
13755
-1277
2367
3806
-1149
6222
2691
13768
5973
-694
3113
0
6189
-2473
13781
6812
-647
-515
-1766
2853
2733
13794
5881
2723
-1435
4750
-434
0
13807
5925
4694
1677
2626
1262
6375
13820
1310
6607
471
3463
-744
6739
13833
5586
1830
-2445
-678
1
-1679
13846
0
-2314
6931
-2471
6142
924
13859
-172
-540
126
6948
1750
-449
13872
0
3384
-981
260
5713
7203
13885
4672
5695
4448
643
6425
-521
13898
2401
6552
2374
3547
1726
4802
13911
4546
0
3617
6388
-1357
458
13924
-663
2155
1049
1300
1074
0
13937
-1263
-2465
-1337
5015
-496
4270
13950
5091
885
2940
0
-765
-737
13963
-1086
-895
4301
-1295
6760
3530
13976
3736
4026
2492
-67
0
-1933
13989
5297
1880
2782
-1789
-1658
4385
14002
102
-1851
1032
-47
2445
4043
14015
1662
2139
3361
1740
406
-646
14028
1141
1803
5262
-960
0
5127
14041
5566
7335
6475
48
6766
5284
14054
0
3141
2513
2561
690
-254
14067
2385
-2175
0
-1259
0
3776
14080
6788
-1092
-2428
6030
2284
4465
14093
-2476
1265
3121
-258
4088
5112
14106
1214
-2082
-84
6104
300
6688
14119
331
-1646
-2135
7351
5586
6703
14132
-890
4704
7421
-946
2119
0
14145
4238
0
-1928
4565
-878
3935
14158
2316
-1100
-1806
-1837
-745
-159
14171
1155
-126
1457
6445
-1047
6368
14184
5559
5952
5036
4499
0
-397
14197
1244
3774
6379
2448
2604
-1920
14210
235
0
-737
6180
3365
-2205
14223
5994
0
2445
3809
-1826
-1448
14236
1521
7187
6867
-1995
6565
1081
14249
908
3488
7261
6202
-1946
5420
14262
4019
3876
-1672
2348
5314
5761
14275
2619
2664
4785
-1697
-2132
1222
14288
1459
0
5331
-15
2692
1215
14301
3683
4261
4911
4597
-567
3198
14314
5782
3280
7011
1729
-2203
3655
14327
1780
-1966
-2094
-232
6407
237
14340
6621
6853
3678
-2227
445
2613
14353
-1985
-957
6976
683
3701
4284
14366
-1013
287
840
3424
1608
3645
14379
5166
4397
4685
-645
-1699
6954
14392
-2225
3681
3253
-2215
-285
595
14405
-2363
-747
-1087
6621
-1126
5685
14418
-94
6713
6128
2839
-107
-641
14431
7053
4492
2021
-432
637
0
14444
-352
-2245
6295
-392
5422
-796
14457
4501
1716
-536
507
1850
3678
14470
6571
-864
-538
4222
4306
4092
14483
2604
6824
5729
3880
6786
0
14496
5333
3945
6019
-2222
0
6286
14509
3353
0
5130
-1654
3218
2214
14522
3019
2113
4500
-234
-1058
-2150
14535
-2150
6872
5609
-1665
1180
2058
14548
765
3892
2542
3660
0
6597
14561
-643
6452
-1557
4976
3391
872
14574
5137
5507
6397
-2176
324
981
5848
7265
4251
9163
5707
7391
0
2173
6626
9392
6425
9942
6675
23
6388
9620
6272
6323
7530
3838
46
4083
3024
7432
9871
5415
263
69
1286
9002
4308
8070
3680
755
92
5738
8758
5750
5345
2083
1237
115
555
6610
678
2436
485
407
138
840
215
2188
2761
7610
4064
161
5566
2222
5220
9906
9489
1763
184
3681
8078
3612
367
7051
1093
207
3345
5096
7303
5178
1985
9329
230
711
335
5550
1646
1282
1958
253
1735
4447
1580
9697
7719
8750
276
7925
640
2698
3466
2730
5788
299
3581
6411
320
8263
1920
9651
322
5374
6158
5079
5625
6251
243
345
1169
2486
7478
1430
3885
344
368
340
3446
3323
6223
8435
4855
391
1808
4413
2470
2954
3323
361
414
9632
4146
5741
2260
2049
1064
437
5974
4677
1873
4850
6012
1791
460
2512
5336
9439
1035
3862
8114
483
8168
4489
8615
4021
2360
511
506
7105
6796
4745
4310
3638
5574
529
2897
3709
6899
2511
7844
1996
552
9790
3378
6312
2202
4768
5490
575
799
9752
9517
2293
2439
9825
598
8251
8371
4647
9141
2522
5295
621
6844
5261
4495
1535
4180
4237
644
4188
3886
340
4083
5254
6912
667
1490
5882
1143
6104
1834
9093
690
4087
2689
7223
5044
7311
9281
713
481
7013
4227
6476
2097
8719
736
4203
562
2359
5206
8458
531
759
2247
9439
1027
5872
853
7108
782
1197
3245
2459
1540
7341
1505
805
1937
9045
6917
5434
497
4023
828
9503
4898
1674
1650
8255
2821
851
5136
7122
371
5233
2306
5894
874
9306
2158
6596
891
1927
1674
897
8141
2
7557
3838
2662
9469
920
9191
9569
5107
1619
919
9637
943
3241
9587
5155
4310
5139
256
966
1094
6781
9593
591
1714
5834
989
1309
1120
35
8617
3989
6826
1012
6936
6820
4545
6394
1215
116
1035
9209
7387
3937
488
5356
343
1058
8880
2579
5348
9607
1824
5963
1081
4878
3284
4643
605
6379
9953
1104
7710
3609
4778
6171
2517
990
1127
9174
9166
5865
3451
1213
1257
1150
7145
345
7873
9240
235
1014
1173
3253
4228
2630
3752
4266
5104
1196
5195
5055
6954
3392
7957
784
1219
5610
3304
7191
8149
4078
2017
1242
6903
7927
7638
2869
3933
5645
1265
5752
505
2752
2706
2540
7002
1288
2293
9979
7577
8824
4089
4879
1311
7426
1476
7882
7180
2149
359
1334
1824
9973
1149
604
3651
5714
1357
5862
96
2815
7813
887
1300
1380
4713
1062
555
906
1249
3557
1403
171
8795
7643
8226
5182
7690
1426
9737
9937
5494
1657
2434
1454
1449
7863
6881
5656
7915
3372
777
1472
3987
8972
9210
7663
6996
4551
1495
64
281
1276
3468
1264
601
1518
2196
5274
8891
1848
5388
2202
1541
7671
7430
7236
1481
8636
1160
1564
8313
9289
3869
905
4655
496
1587
5556
753
9189
5839
9837
2308
1610
574
9882
1193
3691
6880
2587
1633
5723
3100
3496
6540
5195
8073
1656
914
2956
7278
2355
7656
6784
1679
4569
5220
749
8436
9972
6761
1702
2219
2499
4649
1183
5362
5127
1725
5448
4472
3660
1735
1894
960
1748
3641
1370
5488
6100
727
6572
1771
2099
4852
7565
6343
7393
9595
1794
6704
1953
8578
5404
2368
688
1817
6100
8127
6595
557
9245
5492
1840
442
71
9329
6489
2504
1963
1863
1583
342
5062
3256
9745
807
1886
3630
8266
1973
4093
348
5213
1909
1858
2049
1601
1777
1358
8711
1932
2502
699
2037
7517
9441
3416
1955
429
8573
7715
2052
1334
4020
1978
6670
9816
8790
6759
6371
4123
2001
8920
3236
6133
3281
3264
7431
2024
2620
4488
417
6333
143
703
2047
803
5382
4611
2650
1595
4295
2070
6234
5499
156
1410
2536
26
2093
4210
2766
849
9286
1239
6261
2116
7853
5099
1765
6437
6240
518
2139
3177
7365
4473
3456
6445
9614
2162
6184
3108
5165
3560
4741
6772
2185
6468
840
3573
2373
9214
7304
2208
5652
4224
7191
612
8211
2967
2231
117
1574
9708
7142
322
8094
2254
3814
7746
9456
421
6610
2417
2277
2313
4668
1625
1097
2767
1879
2300
1628
7654
239
3048
425
7001
2323
8886
2613
7373
3846
1332
956
2346
915
272
977
7495
3954
4836
2369
9371
6176
868
381
2424
5816
2392
2884
7904
5833
9864
8312
1757
2415
4334
3799
8594
1688
6098
200
2438
5368
8105
2375
9869
3477
3759
2461
4922
1171
6947
337
3664
2617
2484
2110
5861
1672
7262
5042
7358
2507
823
2481
5006
6977
6563
2774
2530
7966
1540
903
5564
4479
282
2553
2626
324
9785
2024
1979
4012
2576
9940
8216
9937
8467
4646
1677
2599
796
825
8061
5988
1152
2063
2622
4340
9251
1105
273
6990
5806
2645
2597
4664
3813
3546
4372
1575
2668
7976
4064
2765
4792
5678
9775
2691
20
4508
9096
3669
6613
8806
2714
2783
7656
210
6470
7655
5103
2737
4428
2761
9074
5290
2637
5466
2760
212
7455
4845
1674
1622
1817
2783
4855
9794
1164
1027
1631
1019
2806
3937
3980
9656
954
1561
5435
2829
6637
9851
2733
9543
1177
6890
2852
4808
200
8535
5498
3049
5670
2875
9109
6232
863
2583
711
7593
2898
9054
8408
4533
3057
4436
4741
2921
9634
5057
2295
7966
9539
2607
2944
372
1694
8782
2694
9457
658
2967
5721
395
5438
3738
2692
91
2990
9493
8463
7566
18
7998
714
3013
4081
582
9988
479
2417
3758
3036
1373
2730
5416
9635
7341
5303
3059
3433
5736
1222
1612
286
6792
3082
8884
834
7115
3590
3510
4439
3105
6538
4941
7972
1078
9753
1118
3128
8224
5294
9902
7531
5417
536
3151
7376
2889
5662
6462
7730
9418
3174
7795
5030
6571
9777
5339
9014
3197
4178
0
4969
423
-1618
4265
-690
-1
1037
7274
660
-1209
6302
-1154
-14
1697
7190
4403
6057
1675
5460
-27
0
4236
1917
4499
1671
5898
-40
91
4841
4162
-1350
-1316
6677
-53
-513
1891
35
4807
5046
4786
-66
4497
6264
3567
2659
2382
-1950
-79
5550
-2402
173
-1691
-1350
0
-92
906
-1112
4406
-1464
1789
5380
-105
1356
6192
468
3467
-1869
-92
-118
3948
5207
3020
2114
504
-2262
-131
-1893
-1793
5544
5636
4513
152
-144
288
263
-1435
3790
227
0
-157
1975
3689
0
2036
-1629
-727
-170
211
4035
7107
1551
1693
775
-183
2128
1782
6276
531
-1466
4976
-196
-497
-1180
2307
6962
4111
1642
-209
-2386
-1116
-2339
5514
5983
-30
-222
-1997
-1324
-1306
5147
-704
-1310
-235
0
-1220
3177
0
0
-94
-248
131
1007
-2365
2014
5504
4189
-261
2537
2329
340
4455
-1088
-2224
-274
6955
4552
4120
-1403
6757
5246
-287
-1572
3337
2530
-512
697
-1030
-300
2092
-1340
6171
3410
382
0
-313
3140
7466
5903
6269
2426
2662
-326
3603
-2302
289
5018
0
4328
-339
4786
0
-1409
-2145
7431
-1702
-352
0
950
1077
1659
3003
-1153
-365
-9
4775
3075
6246
0
1038
-378
0
2124
2097
4513
-1673
-404
-391
518
0
3787
2356
6372
-1814
-404
5799
4022
-455
4352
-2198
5859
-417
-1893
1781
7365
-1427
-817
0
-430
56
-2362
2299
293
3640
4220
-443
6786
-1053
2398
-389
2123
164
-456
-739
5349
4131
6234
3024
1011
-469
-1093
3218
-1209
-778
3446
6864
-482
3902
5699
5679
-1708
5057
-957
-495
2080
3530
-1329
-1241
571
2103
-508
-325
4292
-372
1344
-771
-642
-521
784
4555
2566
3228
2092
4588
-534
4752
-616
-737
1360
4611
217
-547
1235
-749
2310
-125
6837
-946
-560
0
4954
6263
216
-1854
5869
-573
5336
-2446
4372
-798
3286
-17
-586
7322
-666
0
3945
4342
2917
-599
0
0
3692
6919
1791
-318
-612
179
-1396
-945
4042
4881
5500
-625
5004
3628
441
-1943
7070
3839
-638
-297
4354
586
0
5460
-893
-651
-1882
1925
5758
-1711
-1344
6167
-664
3838
211
2719
0
4555
930
-677
5746
3965
2845
3387
-574
5094
-690
4442
-825
4075
4307
650
-927
-703
-1863
4712
5230
-874
3194
-175
-716
727
5564
6751
354
0
0
-729
2326
-1459
-317
4175
5755
0
-742
4900
4674
777
-1172
2072
3183
-755
3703
4594
-1311
5648
2344
-1391
-768
-756
5314
0
322
4813
2607
-781
386
2786
-2131
5663
1455
5443
-794
-122
5756
4510
5336
3280
-1605
-807
-1021
6817
-229
-219
1096
-830
-820
-1226
5769
-1310
5716
-2361
6663
-833
0
2349
-2388
-1204
5038
1724
-846
-108
0
4028
908
398
0
-859
678
-888
202
4122
1643
316
-872
3055
4538
-120
1408
-798
-57
-885
-2392
-1277
-2004
982
7195
736
-898
-2049
-792
4751
2876
2437
-574
-911
-54
787
0
4837
4270
2779
-924
-168
0
1909
7134
63
-1537
-937
4262
6677
4416
5767
1241
5896
-950
4603
7439
-1906
-2046
-1270
-2386
-963
1559
5212
3034
6950
5247
-1865
-976
-1299
0
6650
6843
-386
155
-989
3953
-2189
-195
3927
-208
4594
-1002
173
5983
497
-712
6891
340
-1015
7071
-1190
-2289
0
4315
-391
-1028
4985
-2295
1804
-139
6812
2969
-1041
-931
-590
1933
2449
0
-2298
-1054
2292
-1780
5227
0
-1417
3965
-1067
6616
645
7184
1872
1865
6862
-1080
4162
1139
238
-493
4723
3491
-1093
2906
1135
0
2959
-2212
-1950
-1106
1766
7328
-1228
-1470
2453
-870
-1119
-1777
-1410
6742
4879
7403
6773
-1132
601
1027
-195
120
5688
5779
-1145
3475
2237
1885
122
-631
2298
-1158
3335
2294
7318
5159
5520
-198
-1171
-2273
2403
805
7134
5768
3268
-1184
6220
6272
0
728
6837
-511
-1197
5939
4128
491
700
-1853
0
-1210
2597
600
6465
-1134
7441
7431
-1223
7312
3942
-1412
-679
1052
4946
-1236
5205
-2191
628
6396
1764
-992
-1249
-902
-415
4265
-1430
2074
-2271
-1262
1630
2715
1485
1985
-2024
4
-1275
0
7308
4790
-2353
2010
0
-1288
630
6359
1057
-582
-508
-2218
-1301
4549
-180
-337
5077
-1449
-1208
-1314
4606
3179
1382
4089
4055
7382
-1327
-370
7212
-1555
4512
-2428
1828
-1340
4809
6733
6341
4616
5219
964
-1353
73
2763
-2463
7121
2414
-1675
-1366
-1320
7227
3949
3594
-2177
0
-1379
2929
6061
2249
-2448
4937
5096
-1392
668
1279
6630
-1914
-706
-2029
-1405
6922
7167
1415
949
1831
-2355
-1418
-305
5583
-1512
0
-1785
4274
-1431
5197
-2492
894
-624
4018
7230
-1444
2154
6619
6832
0
-2428
6414
-1457
6039
0
3103
-1138
4513
6801
-1470
-1768
0
3454
2514
-2108
4036
-1483
6380
-1509
7321
-1691
-1516
5364
-1496
-94
291
3985
2698
2018
296
-1509
-1064
0
-1139
-1677
5840
4152
-1522
-797
4035
5578
-895
5635
662
-1535
1135
5054
686
152
5516
6773
-1548
3508
4145
4267
2239
1726
4874
-1561
1961
-722
3279
4517
3780
0
-1574
2109
4074
6892
-1615
1207
3908
-1587
2274
-1160
191
-458
2797
1912
-1600
522
-502
4468
4491
6386
1240
-1613
5628
-2366
4103
-1196
716
5358
-1626
-737
-761
-1795
3128
-404
-2079
-1639
-2128
2122
3678
-663
4441
5194
-1652
4367
204
-2032
-1653
7304
2610
-1665
7488
-2424
433
-1026
5251
147
-1678
1473
0
2142
-1273
-544
-1874
-1691
501
-1677
-1905
6466
7204
-999
-1704
1402
-706
-1269
-377
6937
96
-1717
6684
2502
2186
-2327
6409
1870
-1730
3711
5106
2399
392
-259
1350
-1743
4229
-1716
-1880
3550
1910
1268
-1756
870
-1337
3935
2317
6158
3314
-1769
3963
4668
4548
0
4520
6005
-1782
5179
512
7403
6129
-1550
520
-1795
524
2268
439
0
-1935
0
-1808
3588
