123456789
123456798
123456879
123456987
123456978
123457689
123457698
123458769
123458679
123459768
123459876
123459867
123459687
123459678
123465789
123465798
123465879
123465987
123465978
123476589
123476598
123475689
123475698
123486579
123487659
123487569
123485769
123485679
123496587
123496578
123497658
123497568
123498765
123498756
123498657
123498567
123498576
123495768
123495876
123495867
123495687
123495678
123546789
123546798
123546879
123546987
123546978
123547689
123547698
123548769
123548679
123549768
123549876
123549867
123549687
123549678
123654789
123654798
123654879
123654987
123654978
123645789
123645798
123645879
123645987
123645978
123754689
123754698
123765489
123765498
123764589
123764598
123746589
123746598
123745689
123745698
123854769
123854679
123865479
123864579
123876549
123876459
123875469
123874569
123874659
123846579
123847659
123847569
123845769
123845679
123954768
123954876
123954867
123954687
123954678
123965487
123965478
123964587
123964578
123976548
123976458
123975468
123974568
123974658
123986547
123986457
123987654
123987645
123987546
123987456
123987465
123985467
123985476
123984756
123984765
123984576
123984567
123984657
123946587
123946578
123947658
123947568
123948765
123948756
123948657
123948567
123948576
123945768
123945876
123945867
123945687
123945678
124356789
124356798
124356879
124356987
124356978
124357689
124357698
124358769
124358679
124359768
124359876
124359867
124359687
124359678
124365789
124365798
124365879
124365987
124365978
124376589
124376598
124375689
124375698
124386579
124387659
124387569
124385769
124385679
124396587
124396578
124397658
124397568
124398765
124398756
124398657
124398567
124398576
124395768
124395876
124395867
124395687
124395678
125436789
125436798
125436879
125436987
125436978
125437689
125437698
125438769
125438679
125439768
125439876
125439867
125439687
125439678
125346789
125346798
125346879
125346987
125346978
125347689
125347698
125348769
125348679
125349768
125349876
125349867
125349687
125349678
126435789
126435798
126435879
126435987
126435978
126543789
126543798
126543879
126543987
126543978
126534789
126534798
126534879
126534987
126534978
126354789
126354798
126354879
126354987
126354978
126345789
126345798
126345879
126345987
126345978
127436589
127436598
127435689
127435698
127543689
127543698
127534689
127534698
127654389
127654398
127653489
127653498
127643589
127643598
127634589
127634598
127635489
127635498
127354689
127354698
127365489
127365498
127364589
127364598
127346589
127346598
127345689
127345698
128436579
128437659
128437569
128435769
128435679
128543769
128543679
128534769
128534679
128654379
128653479
128643579
128634579
128635479
128754369
128753469
128765439
128765349
128764359
128763459
128763549
128743569
128743659
128736459
128736549
128734659
128734569
128735469
128354769
128354679
128365479
128364579
128376549
128376459
128375469
128374569
128374659
128346579
128347659
128347569
128345769
128345679
129436587
129436578
129437658
129437568
129438765
129438756
129438657
129438567
129438576
129435768
129435876
129435867
129435687
129435678
129543768
129543876
129543867
129543687
129543678
129534768
129534876
129534867
129534687
129534678
129654387
129654378
129653487
129653478
129643587
129643578
129634587
129634578
129635487
129635478
129754368
129753468
129765438
129765348
129764358
129763458
129763548
129743568
129743658
129736458
129736548
129734658
129734568
129735468
129854367
129854376
129853476
129853467
129865437
129865347
129864357
129863457
129863547
129876543
129876534
129876435
129876345
129876354
129875436
129875346
129874365
129874356
129873546
129873456
129873465
129873645
129873654
129843756
129843765
129843576
129843567
129843657
129836457
129836547
129837645
129837654
129837465
129837456
129837546
129834765
129834756
129834657
129834567
129834576
129835476
129835467
129354768
129354876
129354867
129354687
129354678
129365487
129365478
129364587
129364578
129376548
129376458
129375468
129374568
129374658
129386547
129386457
129387654
129387645
129387546
129387456
129387465
129385467
129385476
129384756
129384765
129384576
129384567
129384657
129346587
129346578
129347658
129347568
129348765
129348756
129348657
129348567
129348576
129345768
129345876
129345867
129345687
129345678
132456789
132456798
132456879
132456987
132456978
132457689
132457698
132458769
132458679
132459768
132459876
132459867
132459687
132459678
132465789
132465798
132465879
132465987
132465978
132476589
132476598
132475689
132475698
132486579
132487659
132487569
132485769
132485679
132496587
132496578
132497658
132497568
132498765
132498756
132498657
132498567
132498576
132495768
132495876
132495867
132495687
132495678
132546789
132546798
132546879
132546987
132546978
132547689
132547698
132548769
132548679
132549768
132549876
132549867
132549687
132549678
132654789
132654798
132654879
132654987
132654978
132645789
132645798
132645879
132645987
132645978
132754689
132754698
132765489
132765498
132764589
132764598
132746589
132746598
132745689
132745698
132854769
132854679
132865479
132864579
132876549
132876459
132875469
132874569
132874659
132846579
132847659
132847569
132845769
132845679
132954768
132954876
132954867
132954687
132954678
132965487
132965478
132964587
132964578
132976548
132976458
132975468
132974568
132974658
132986547
132986457
132987654
132987645
132987546
132987456
132987465
132985467
132985476
132984756
132984765
132984576
132984567
132984657
132946587
132946578
132947658
132947568
132948765
132948756
132948657
132948567
132948576
132945768
132945876
132945867
132945687
132945678
143256789
143256798
143256879
143256987
143256978
143257689
143257698
143258769
143258679
143259768
143259876
143259867
143259687
143259678
143265789
143265798
143265879
143265987
143265978
143276589
143276598
143275689
143275698
143286579
143287659
143287569
143285769
143285679
143296587
143296578
143297658
143297568
143298765
143298756
143298657
143298567
143298576
143295768
143295876
143295867
143295687
143295678
142356789
142356798
142356879
142356987
142356978
142357689
142357698
142358769
142358679
142359768
142359876
142359867
142359687
142359678
142365789
142365798
142365879
142365987
142365978
142376589
142376598
142375689
142375698
142386579
142387659
142387569
142385769
142385679
142396587
142396578
142397658
142397568
142398765
142398756
142398657
142398567
142398576
142395768
142395876
142395867
142395687
142395678
153246789
153246798
153246879
153246987
153246978
153247689
153247698
153248769
153248679
153249768
153249876
153249867
153249687
153249678
154326789
154326798
154326879
154326987
154326978
154327689
154327698
154328769
154328679
154329768
154329876
154329867
154329687
154329678
154236789
154236798
154236879
154236987
154236978
154237689
154237698
154238769
154238679
154239768
154239876
154239867
154239687
154239678
152436789
152436798
152436879
152436987
152436978
152437689
152437698
152438769
152438679
152439768
152439876
152439867
152439687
152439678
152346789
152346798
152346879
152346987
152346978
152347689
152347698
152348769
152348679
152349768
152349876
152349867
152349687
152349678
163254789
163254798
163254879
163254987
163254978
163245789
163245798
163245879
163245987
163245978
164325789
164325798
164325879
164325987
164325978
164235789
164235798
164235879
164235987
164235978
165432789
165432798
165432879
165432987
165432978
165423789
165423798
165423879
165423987
165423978
165324789
165324798
165324879
165324987
165324978
165234789
165234798
165234879
165234987
165234978
165243789
165243798
165243879
165243987
165243978
162435789
162435798
162435879
162435987
162435978
162543789
162543798
162543879
162543987
162543978
162534789
162534798
162534879
162534987
162534978
162354789
162354798
162354879
162354987
162354978
162345789
162345798
162345879
162345987
162345978
173254689
173254698
173265489
173265498
173264589
173264598
173246589
173246598
173245689
173245698
174326589
174326598
174325689
174325698
174236589
174236598
174235689
174235698
175432689
175432698
175423689
175423698
175324689
175324698
175234689
175234698
175243689
175243698
176432589
176432598
176423589
176423598
176543289
176543298
176542389
176542398
176532489
176532498
176523489
176523498
176524389
176524398
176324589
176324598
176325489
176325498
176253489
176253498
176254389
176254398
176235489
176235498
176234589
176234598
176243589
176243598
172436589
172436598
172435689
172435698
172543689
172543698
172534689
172534698
172654389
172654398
172653489
172653498
172643589
172643598
172634589
172634598
172635489
172635498
172354689
172354698
172365489
172365498
172364589
172364598
172346589
172346598
172345689
172345698
183254769
183254679
183265479
183264579
183276549
183276459
183275469
183274569
183274659
183246579
183247659
183247569
183245769
183245679
184326579
184327659
184327569
184325769
184325679
184236579
184237659
184237569
184235769
184235679
185432769
185432679
185423769
185423679
185324769
185324679
185234769
185234679
185243769
185243679
186432579
186423579
186543279
186542379
186532479
186523479
186524379
186324579
186325479
186253479
186254379
186235479
186234579
186243579
187432569
187432659
187423659
187423569
187543269
187542369
187532469
187523469
187524369
187654329
187654239
187653249
187652349
187652439
187643259
187642359
187632549
187632459
187624359
187623459
187623549
187625349
187625439
187326459
187326549
187324659
187324569
187325469
187253469
187254369
187265349
187265439
187263549
187263459
187264359
187236549
187236459
187235469
187234569
187234659
187243659
187243569
182436579
182437659
182437569
182435769
182435679
182543769
182543679
182534769
182534679
182654379
182653479
182643579
182634579
182635479
182754369
182753469
182765439
182765349
182764359
182763459
182763549
182743569
182743659
182736459
182736549
182734659
182734569
182735469
182354769
182354679
182365479
182364579
182376549
182376459
182375469
182374569
182374659
182346579
182347659
182347569
182345769
182345679
193254768
193254876
193254867
193254687
193254678
193265487
193265478
193264587
193264578
193276548
193276458
193275468
193274568
193274658
193286547
193286457
193287654
193287645
193287546
193287456
193287465
193285467
193285476
193284756
193284765
193284576
193284567
193284657
193246587
193246578
193247658
193247568
193248765
193248756
193248657
193248567
193248576
193245768
193245876
193245867
193245687
193245678
194326587
194326578
194327658
194327568
194328765
194328756
194328657
194328567
194328576
194325768
194325876
194325867
194325687
194325678
194236587
194236578
194237658
194237568
194238765
194238756
194238657
194238567
194238576
194235768
194235876
194235867
194235687
194235678
195432768
195432876
195432867
195432687
195432678
195423768
195423876
195423867
195423687
195423678
195324768
195324876
195324867
195324687
195324678
195234768
195234876
195234867
195234687
195234678
195243768
195243876
195243867
195243687
195243678
196432587
196432578
196423587
196423578
196543287
196543278
196542387
196542378
196532487
196532478
196523487
196523478
196524387
196524378
196324587
196324578
196325487
196325478
196253487
196253478
196254387
196254378
196235487
196235478
196234587
196234578
196243587
196243578
197432568
197432658
197423658
197423568
197543268
197542368
197532468
197523468
197524368
197654328
197654238
197653248
197652348
197652438
197643258
197642358
197632548
197632458
197624358
197623458
197623548
197625348
197625438
197326458
197326548
197324658
197324568
197325468
197253468
197254368
197265348
197265438
197263548
197263458
197264358
197236548
197236458
197235468
197234568
197234658
197243658
197243568
198432756
198432765
198432576
198432567
198432657
198423765
198423756
198423657
198423567
198423576
198543267
198543276
198542376
198542367
198532476
198532467
198523467
198523476
198524376
198524367
198654327
198654237
198653247
198652347
198652437
198643257
198642357
198632547
198632457
198624357
198623457
198623547
198625347
198625437
198754326
198754236
198753246
198752436
198752346
198765432
198765423
198765324
198765234
198765243
198764325
198764235
198763254
198763245
198762435
198762345
198762354
198762534
198762543
198743265
198743256
198742356
198742365
198732456
198732465
198732546
198732654
198732645
198726435
198726345
198726354
198726534
198726543
198724365
198724356
198723465
198723456
198723645
198723654
198723546
198725436
198725346
198326457
198326547
198327645
198327654
198327465
198327456
198327546
198324765
198324756
198324657
198324567
198324576
198325476
198325467
198253467
198253476
198254376
198254367
198265347
198265437
198263547
198263457
198264357
198276534
198276543
198276354
198276345
198276435
198275346
198275436
198273546
198273654
198273645
198273465
198273456
198274356
198274365
198236547
198236457
198237654
198237645
198237546
198237456
198237465
198235467
198235476
198234756
198234765
198234576
198234567
198234657
198243765
198243756
198243657
198243567
198243576
192436587
192436578
192437658
192437568
192438765
192438756
192438657
192438567
192438576
192435768
192435876
192435867
192435687
192435678
192543768
192543876
192543867
192543687
192543678
192534768
192534876
192534867
192534687
192534678
192654387
192654378
192653487
192653478
192643587
192643578
192634587
192634578
192635487
192635478
192754368
192753468
192765438
192765348
192764358
192763458
192763548
192743568
192743658
192736458
192736548
192734658
192734568
192735468
192854367
192854376
192853476
192853467
192865437
192865347
192864357
192863457
192863547
192876543
192876534
192876435
192876345
192876354
192875436
192875346
192874365
192874356
192873546
192873456
192873465
192873645
192873654
192843756
192843765
192843576
192843567
192843657
192836457
192836547
192837645
192837654
192837465
192837456
192837546
192834765
192834756
192834657
192834567
192834576
192835476
192835467
192354768
192354876
192354867
192354687
192354678
192365487
192365478
192364587
192364578
192376548
192376458
192375468
192374568
192374658
192386547
192386457
192387654
192387645
192387546
192387456
192387465
192385467
192385476
192384756
192384765
192384576
192384567
192384657
192346587
192346578
192347658
192347568
192348765
192348756
192348657
192348567
192348576
192345768
192345876
192345867
192345687
192345678
213456789
213456798
213456879
213456987
213456978
213457689
213457698
213458769
213458679
213459768
213459876
213459867
213459687
213459678
213465789
213465798
213465879
213465987
213465978
213476589
213476598
213475689
213475698
213486579
213487659
213487569
213485769
213485679
213496587
213496578
213497658
213497568
213498765
213498756
213498657
213498567
213498576
213495768
213495876
213495867
213495687
213495678
213546789
213546798
213546879
213546987
213546978
213547689
213547698
213548769
213548679
213549768
213549876
213549867
213549687
213549678
213654789
213654798
213654879
213654987
213654978
213645789
213645798
213645879
213645987
213645978
213754689
213754698
213765489
213765498
213764589
213764598
213746589
213746598
213745689
213745698
213854769
213854679
213865479
213864579
213876549
213876459
213875469
213874569
213874659
213846579
213847659
213847569
213845769
213845679
213954768
213954876
213954867
213954687
213954678
213965487
213965478
213964587
213964578
213976548
213976458
213975468
213974568
213974658
213986547
213986457
213987654
213987645
213987546
213987456
213987465
213985467
213985476
213984756
213984765
213984576
213984567
213984657
213946587
213946578
213947658
213947568
213948765
213948756
213948657
213948567
213948576
213945768
213945876
213945867
213945687
213945678
214356789
214356798
214356879
214356987
214356978
214357689
214357698
214358769
214358679
214359768
214359876
214359867
214359687
214359678
214365789
214365798
214365879
214365987
214365978
214376589
214376598
214375689
214375698
214386579
214387659
214387569
214385769
214385679
214396587
214396578
214397658
214397568
214398765
214398756
214398657
214398567
214398576
214395768
214395876
214395867
214395687
214395678
215436789
215436798
215436879
215436987
215436978
215437689
215437698
215438769
215438679
215439768
215439876
215439867
215439687
215439678
215346789
215346798
215346879
215346987
215346978
215347689
215347698
215348769
215348679
215349768
215349876
215349867
215349687
215349678
216435789
216435798
216435879
216435987
216435978
216543789
216543798
216543879
216543987
216543978
216534789
216534798
216534879
216534987
216534978
216354789
216354798
216354879
216354987
216354978
216345789
216345798
216345879
216345987
216345978
217436589
217436598
217435689
217435698
217543689
217543698
217534689
217534698
217654389
217654398
217653489
217653498
217643589
217643598
217634589
217634598
217635489
217635498
217354689
217354698
217365489
217365498
217364589
217364598
217346589
217346598
217345689
217345698
218436579
218437659
218437569
218435769
218435679
218543769
218543679
218534769
218534679
218654379
218653479
218643579
218634579
218635479
218754369
218753469
218765439
218765349
218764359
218763459
218763549
218743569
218743659
218736459
218736549
218734659
218734569
218735469
218354769
218354679
218365479
218364579
218376549
218376459
218375469
218374569
218374659
218346579
218347659
218347569
218345769
218345679
219436587
219436578
219437658
219437568
219438765
219438756
219438657
219438567
219438576
219435768
219435876
219435867
219435687
219435678
219543768
219543876
219543867
219543687
219543678
219534768
219534876
219534867
219534687
219534678
219654387
219654378
219653487
219653478
219643587
219643578
219634587
219634578
219635487
219635478
219754368
219753468
219765438
219765348
219764358
219763458
219763548
219743568
219743658
219736458
219736548
219734658
219734568
219735468
219854367
219854376
219853476
219853467
219865437
219865347
219864357
219863457
219863547
219876543
219876534
219876435
219876345
219876354
219875436
219875346
219874365
219874356
219873546
219873456
219873465
219873645
219873654
219843756
219843765
219843576
219843567
219843657
219836457
219836547
219837645
219837654
219837465
219837456
219837546
219834765
219834756
219834657
219834567
219834576
219835476
219835467
219354768
219354876
219354867
219354687
219354678
219365487
219365478
219364587
219364578
219376548
219376458
219375468
219374568
219374658
219386547
219386457
219387654
219387645
219387546
219387456
219387465
219385467
219385476
219384756
219384765
219384576
219384567
219384657
219346587
219346578
219347658
219347568
219348765
219348756
219348657
219348567
219348576
219345768
219345876
219345867
219345687
219345678
321456789
321456798
321456879
321456987
321456978
321457689
321457698
321458769
321458679
321459768
321459876
321459867
321459687
321459678
321465789
321465798
321465879
321465987
321465978
321476589
321476598
321475689
321475698
321486579
321487659
321487569
321485769
321485679
321496587
321496578
321497658
321497568
321498765
321498756
321498657
321498567
321498576
321495768
321495876
321495867
321495687
321495678
321546789
321546798
321546879
321546987
321546978
321547689
321547698
321548769
321548679
321549768
321549876
321549867
321549687
321549678
321654789
321654798
321654879
321654987
321654978
321645789
321645798
321645879
321645987
321645978
321754689
321754698
321765489
321765498
321764589
321764598
321746589
321746598
321745689
321745698
321854769
321854679
321865479
321864579
321876549
321876459
321875469
321874569
321874659
321846579
321847659
321847569
321845769
321845679
321954768
321954876
321954867
321954687
321954678
321965487
321965478
321964587
321964578
321976548
321976458
321975468
321974568
321974658
321986547
321986457
321987654
321987645
321987546
321987456
321987465
321985467
321985476
321984756
321984765
321984576
321984567
321984657
321946587
321946578
321947658
321947568
321948765
321948756
321948657
321948567
321948576
321945768
321945876
321945867
321945687
321945678
312456789
312456798
312456879
312456987
312456978
312457689
312457698
312458769
312458679
312459768
312459876
312459867
312459687
312459678
312465789
312465798
312465879
312465987
312465978
312476589
312476598
312475689
312475698
312486579
312487659
312487569
312485769
312485679
312496587
312496578
312497658
312497568
312498765
312498756
312498657
312498567
312498576
312495768
312495876
312495867
312495687
312495678
312546789
312546798
312546879
312546987
312546978
312547689
312547698
312548769
312548679
312549768
312549876
312549867
312549687
312549678
312654789
312654798
312654879
312654987
312654978
312645789
312645798
312645879
312645987
312645978
312754689
312754698
312765489
312765498
312764589
312764598
312746589
312746598
312745689
312745698
312854769
312854679
312865479
312864579
312876549
312876459
312875469
312874569
312874659
312846579
312847659
312847569
312845769
312845679
312954768
312954876
312954867
312954687
312954678
312965487
312965478
312964587
312964578
312976548
312976458
312975468
312974568
312974658
312986547
312986457
312987654
312987645
312987546
312987456
312987465
312985467
312985476
312984756
312984765
312984576
312984567
312984657
312946587
312946578
312947658
312947568
312948765
312948756
312948657
312948567
312948576
312945768
312945876
312945867
312945687
312945678
421356789
421356798
421356879
421356987
421356978
421357689
421357698
421358769
421358679
421359768
421359876
421359867
421359687
421359678
421365789
421365798
421365879
421365987
421365978
421376589
421376598
421375689
421375698
421386579
421387659
421387569
421385769
421385679
421396587
421396578
421397658
421397568
421398765
421398756
421398657
421398567
421398576
421395768
421395876
421395867
421395687
421395678
432156789
432156798
432156879
432156987
432156978
432157689
432157698
432158769
432158679
432159768
432159876
432159867
432159687
432159678
432165789
432165798
432165879
432165987
432165978
432176589
432176598
432175689
432175698
432186579
432187659
432187569
432185769
432185679
432196587
432196578
432197658
432197568
432198765
432198756
432198657
432198567
432198576
432195768
432195876
432195867
432195687
432195678
431256789
431256798
431256879
431256987
431256978
431257689
431257698
431258769
431258679
431259768
431259876
431259867
431259687
431259678
431265789
431265798
431265879
431265987
431265978
431276589
431276598
431275689
431275698
431286579
431287659
431287569
431285769
431285679
431296587
431296578
431297658
431297568
431298765
431298756
431298657
431298567
431298576
431295768
431295876
431295867
431295687
431295678
413256789
413256798
413256879
413256987
413256978
413257689
413257698
413258769
413258679
413259768
413259876
413259867
413259687
413259678
413265789
413265798
413265879
413265987
413265978
413276589
413276598
413275689
413275698
413286579
413287659
413287569
413285769
413285679
413296587
413296578
413297658
413297568
413298765
413298756
413298657
413298567
413298576
413295768
413295876
413295867
413295687
413295678
412356789
412356798
412356879
412356987
412356978
412357689
412357698
412358769
412358679
412359768
412359876
412359867
412359687
412359678
412365789
412365798
412365879
412365987
412365978
412376589
412376598
412375689
412375698
412386579
412387659
412387569
412385769
412385679
412396587
412396578
412397658
412397568
412398765
412398756
412398657
412398567
412398576
412395768
412395876
412395867
412395687
412395678
521436789
521436798
521436879
521436987
521436978
521437689
521437698
521438769
521438679
521439768
521439876
521439867
521439687
521439678
521346789
521346798
521346879
521346987
521346978
521347689
521347698
521348769
521348679
521349768
521349876
521349867
521349687
521349678
532146789
532146798
532146879
532146987
532146978
532147689
532147698
532148769
532148679
532149768
532149876
532149867
532149687
532149678
531246789
531246798
531246879
531246987
531246978
531247689
531247698
531248769
531248679
531249768
531249876
531249867
531249687
531249678
543216789
543216798
543216879
543216987
543216978
543217689
543217698
543218769
543218679
543219768
543219876
543219867
543219687
543219678
543126789
543126798
543126879
543126987
543126978
543127689
543127698
543128769
543128679
543129768
543129876
543129867
543129687
543129678
542136789
542136798
542136879
542136987
542136978
542137689
542137698
542138769
542138679
542139768
542139876
542139867
542139687
542139678
541236789
541236798
541236879
541236987
541236978
541237689
541237698
541238769
541238679
541239768
541239876
541239867
541239687
541239678
541326789
541326798
541326879
541326987
541326978
541327689
541327698
541328769
541328679
541329768
541329876
541329867
541329687
541329678
513246789
513246798
513246879
513246987
513246978
513247689
513247698
513248769
513248679
513249768
513249876
513249867
513249687
513249678
514326789
514326798
514326879
514326987
514326978
514327689
514327698
514328769
514328679
514329768
514329876
514329867
514329687
514329678
514236789
514236798
514236879
514236987
514236978
514237689
514237698
514238769
514238679
514239768
514239876
514239867
514239687
514239678
512436789
512436798
512436879
512436987
512436978
512437689
512437698
512438769
512438679
512439768
512439876
512439867
512439687
512439678
512346789
512346798
512346879
512346987
512346978
512347689
512347698
512348769
512348679
512349768
512349876
512349867
512349687
512349678
621435789
621435798
621435879
621435987
621435978
621543789
621543798
621543879
621543987
621543978
621534789
621534798
621534879
621534987
621534978
621354789
621354798
621354879
621354987
621354978
621345789
621345798
621345879
621345987
621345978
632154789
632154798
632154879
632154987
632154978
632145789
632145798
632145879
632145987
632145978
631254789
631254798
631254879
631254987
631254978
631245789
631245798
631245879
631245987
631245978
643215789
643215798
643215879
643215987
643215978
643125789
643125798
643125879
643125987
643125978
642135789
642135798
642135879
642135987
642135978
641235789
641235798
641235879
641235987
641235978
641325789
641325798
641325879
641325987
641325978
653214789
653214798
653214879
653214987
653214978
653124789
653124798
653124879
653124987
653124978
654321789
654321798
654321879
654321987
654321978
654312789
654312798
654312879
654312987
654312978
654213789
654213798
654213879
654213987
654213978
654123789
654123798
654123879
654123987
654123978
654132789
654132798
654132879
654132987
654132978
652134789
652134798
652134879
652134987
652134978
652143789
652143798
652143879
652143987
652143978
651423789
651423798
651423879
651423987
651423978
651432789
651432798
651432879
651432987
651432978
651243789
651243798
651243879
651243987
651243978
651234789
651234798
651234879
651234987
651234978
651324789
651324798
651324879
651324987
651324978
613254789
613254798
613254879
613254987
613254978
613245789
613245798
613245879
613245987
613245978
614325789
614325798
614325879
614325987
614325978
614235789
614235798
614235879
614235987
614235978
615432789
615432798
615432879
615432987
615432978
615423789
615423798
615423879
615423987
615423978
615324789
615324798
615324879
615324987
615324978
615234789
615234798
615234879
615234987
615234978
615243789
615243798
615243879
615243987
615243978
612435789
612435798
612435879
612435987
612435978
612543789
612543798
612543879
612543987
612543978
612534789
612534798
612534879
612534987
612534978
612354789
612354798
612354879
612354987
612354978
612345789
612345798
612345879
612345987
612345978
721436589
721436598
721435689
721435698
721543689
721543698
721534689
721534698
721654389
721654398
721653489
721653498
721643589
721643598
721634589
721634598
721635489
721635498
721354689
721354698
721365489
721365498
721364589
721364598
721346589
721346598
721345689
721345698
732154689
732154698
732165489
732165498
732164589
732164598
732146589
732146598
732145689
732145698
731254689
731254698
731265489
731265498
731264589
731264598
731246589
731246598
731245689
731245698
743216589
743216598
743215689
743215698
743126589
743126598
743125689
743125698
742136589
742136598
742135689
742135698
741236589
741236598
741235689
741235698
741326589
741326598
741325689
741325698
753214689
753214698
753124689
753124698
754321689
754321698
754312689
754312698
754213689
754213698
754123689
754123698
754132689
754132698
752134689
752134698
752143689
752143698
751423689
751423698
751432689
751432698
751243689
751243698
751234689
751234698
751324689
751324698
763214589
763214598
763215489
763215498
763125489
763125498
763124589
763124598
764321589
764321598
764312589
764312598
764213589
764213598
764123589
764123598
764132589
764132598
765432189
765432198
765431289
765431298
765421389
765421398
765412389
765412398
765413289
765413298
765321489
765321498
765312489
765312498
765214389
765214398
765213489
765213498
765132489
765132498
765123489
765123498
765124389
765124398
765142389
765142398
765143289
765143298
762153489
762153498
762154389
762154398
762135489
762135498
762134589
762134598
762143589
762143598
761423589
761423598
761432589
761432598
761542389
761542398
761543289
761543298
761524389
761524398
761523489
761523498
761532489
761532498
761254389
761254398
761253489
761253498
761243589
761243598
761234589
761234598
761235489
761235498
761325489
761325498
761324589
761324598
713254689
713254698
713265489
713265498
713264589
713264598
713246589
713246598
713245689
713245698
714326589
714326598
714325689
714325698
714236589
714236598
714235689
714235698
715432689
715432698
715423689
715423698
715324689
715324698
715234689
715234698
715243689
715243698
716432589
716432598
716423589
716423598
716543289
716543298
716542389
716542398
716532489
716532498
716523489
716523498
716524389
716524398
716324589
716324598
716325489
716325498
716253489
716253498
716254389
716254398
716235489
716235498
716234589
716234598
716243589
716243598
712436589
712436598
712435689
712435698
712543689
712543698
712534689
712534698
712654389
712654398
712653489
712653498
712643589
712643598
712634589
712634598
712635489
712635498
712354689
712354698
712365489
712365498
712364589
712364598
712346589
712346598
712345689
712345698
821436579
821437659
821437569
821435769
821435679
821543769
821543679
821534769
821534679
821654379
821653479
821643579
821634579
821635479
821754369
821753469
821765439
821765349
821764359
821763459
821763549
821743569
821743659
821736459
821736549
821734659
821734569
821735469
821354769
821354679
821365479
821364579
821376549
821376459
821375469
821374569
821374659
821346579
821347659
821347569
821345769
821345679
832154769
832154679
832165479
832164579
832176549
832176459
832175469
832174569
832174659
832146579
832147659
832147569
832145769
832145679
831254769
831254679
831265479
831264579
831276549
831276459
831275469
831274569
831274659
831246579
831247659
831247569
831245769
831245679
843216579
843217659
843217569
843215769
843215679
843126579
843127659
843127569
843125769
843125679
842136579
842137659
842137569
842135769
842135679
841236579
841237659
841237569
841235769
841235679
841326579
841327659
841327569
841325769
841325679
853214769
853214679
853124769
853124679
854321769
854321679
854312769
854312679
854213769
854213679
854123769
854123679
854132769
854132679
852134769
852134679
852143769
852143679
851423769
851423679
851432769
851432679
851243769
851243679
851234769
851234679
851324769
851324679
863214579
863215479
863125479
863124579
864321579
864312579
864213579
864123579
864132579
865432179
865431279
865421379
865412379
865413279
865321479
865312479
865214379
865213479
865132479
865123479
865124379
865142379
865143279
862153479
862154379
862135479
862134579
862143579
861423579
861432579
861542379
861543279
861524379
861523479
861532479
861254379
861253479
861243579
861234579
861235479
861325479
861324579
873216459
873216549
873214659
873214569
873215469
873126549
873126459
873125469
873124569
873124659
874321569
874321659
874312659
874312569
874213659
874213569
874123569
874123659
874132659
874132569
875432169
875431269
875421369
875412369
875413269
875321469
875312469
875214369
875213469
875132469
875123469
875124369
875142369
875143269
876432159
876431259
876421359
876413259
876412359
876543219
876543129
876542139
876541239
876541329
876532149
876531249
876521439
876521349
876513249
876512349
876512439
876514239
876514329
876321549
876321459
876312459
876312549
876213459
876213549
876214359
876215439
876215349
876153249
876152349
876152439
876154239
876154329
876132549
876132459
876123549
876123459
876125349
876125439
876124359
876143259
876142359
872153469
872154369
872165349
872165439
872163549
872163459
872164359
872136549
872136459
872135469
872134569
872134659
872143659
872143569
871423569
871423659
871432659
871432569
871542369
871543269
871524369
871523469
871532469
871654239
871654329
871652439
871652349
871653249
871642359
871643259
871624359
871625439
871625349
871623549
871623459
871632459
871632549
871254369
871253469
871265439
871265349
871264359
871263459
871263549
871243569
871243659
871236459
871236549
871234659
871234569
871235469
871326549
871326459
871325469
871324569
871324659
813254769
813254679
813265479
813264579
813276549
813276459
813275469
813274569
813274659
813246579
813247659
813247569
813245769
813245679
814326579
814327659
814327569
814325769
814325679
814236579
814237659
814237569
814235769
814235679
815432769
815432679
815423769
815423679
815324769
815324679
815234769
815234679
815243769
815243679
816432579
816423579
816543279
816542379
816532479
816523479
816524379
816324579
816325479
816253479
816254379
816235479
816234579
816243579
817432569
817432659
817423659
817423569
817543269
817542369
817532469
817523469
817524369
817654329
817654239
817653249
817652349
817652439
817643259
817642359
817632549
817632459
817624359
817623459
817623549
817625349
817625439
817326459
817326549
817324659
817324569
817325469
817253469
817254369
817265349
817265439
817263549
817263459
817264359
817236549
817236459
817235469
817234569
817234659
817243659
817243569
812436579
812437659
812437569
812435769
812435679
812543769
812543679
812534769
812534679
812654379
812653479
812643579
812634579
812635479
812754369
812753469
812765439
812765349
812764359
812763459
812763549
812743569
812743659
812736459
812736549
812734659
812734569
812735469
812354769
812354679
812365479
812364579
812376549
812376459
812375469
812374569
812374659
812346579
812347659
812347569
812345769
812345679
921436587
921436578
921437658
921437568
921438765
921438756
921438657
921438567
921438576
921435768
921435876
921435867
921435687
921435678
921543768
921543876
921543867
921543687
921543678
921534768
921534876
921534867
921534687
921534678
921654387
921654378
921653487
921653478
921643587
921643578
921634587
921634578
921635487
921635478
921754368
921753468
921765438
921765348
921764358
921763458
921763548
921743568
921743658
921736458
921736548
921734658
921734568
921735468
921854367
921854376
921853476
921853467
921865437
921865347
921864357
921863457
921863547
921876543
921876534
921876435
921876345
921876354
921875436
921875346
921874365
921874356
921873546
921873456
921873465
921873645
921873654
921843756
921843765
921843576
921843567
921843657
921836457
921836547
921837645
921837654
921837465
921837456
921837546
921834765
921834756
921834657
921834567
921834576
921835476
921835467
921354768
921354876
921354867
921354687
921354678
921365487
921365478
921364587
921364578
921376548
921376458
921375468
921374568
921374658
921386547
921386457
921387654
921387645
921387546
921387456
921387465
921385467
921385476
921384756
921384765
921384576
921384567
921384657
921346587
921346578
921347658
921347568
921348765
921348756
921348657
921348567
921348576
921345768
921345876
921345867
921345687
921345678
932154768
932154876
932154867
932154687
932154678
932165487
932165478
932164587
932164578
932176548
932176458
932175468
932174568
932174658
932186547
932186457
932187654
932187645
932187546
932187456
932187465
932185467
932185476
932184756
932184765
932184576
932184567
932184657
932146587
932146578
932147658
932147568
932148765
932148756
932148657
932148567
932148576
932145768
932145876
932145867
932145687
932145678
931254768
931254876
931254867
931254687
931254678
931265487
931265478
931264587
931264578
931276548
931276458
931275468
931274568
931274658
931286547
931286457
931287654
931287645
931287546
931287456
931287465
931285467
931285476
931284756
931284765
931284576
931284567
931284657
931246587
931246578
931247658
931247568
931248765
931248756
931248657
931248567
931248576
931245768
931245876
931245867
931245687
931245678
943216587
943216578
943217658
943217568
943218765
943218756
943218657
943218567
943218576
943215768
943215876
943215867
943215687
943215678
943126587
943126578
943127658
943127568
943128765
943128756
943128657
943128567
943128576
943125768
943125876
943125867
943125687
943125678
942136587
942136578
942137658
942137568
942138765
942138756
942138657
942138567
942138576
942135768
942135876
942135867
942135687
942135678
941236587
941236578
941237658
941237568
941238765
941238756
941238657
941238567
941238576
941235768
941235876
941235867
941235687
941235678
941326587
941326578
941327658
941327568
941328765
941328756
941328657
941328567
941328576
941325768
941325876
941325867
941325687
941325678
953214768
953214876
953214867
953214687
953214678
953124768
953124876
953124867
953124687
953124678
954321768
954321876
954321867
954321687
954321678
954312768
954312876
954312867
954312687
954312678
954213768
954213876
954213867
954213687
954213678
954123768
954123876
954123867
954123687
954123678
954132768
954132876
954132867
954132687
954132678
952134768
952134876
952134867
952134687
952134678
952143768
952143876
952143867
952143687
952143678
951423768
951423876
951423867
951423687
951423678
951432768
951432876
951432867
951432687
951432678
951243768
951243876
951243867
951243687
951243678
951234768
951234876
951234867
951234687
951234678
951324768
951324876
951324867
951324687
951324678
963214587
963214578
963215487
963215478
963125487
963125478
963124587
963124578
964321587
964321578
964312587
964312578
964213587
964213578
964123587
964123578
964132587
964132578
965432187
965432178
965431287
965431278
965421387
965421378
965412387
965412378
965413287
965413278
965321487
965321478
965312487
965312478
965214387
965214378
965213487
965213478
965132487
965132478
965123487
965123478
965124387
965124378
965142387
965142378
965143287
965143278
962153487
962153478
962154387
962154378
962135487
962135478
962134587
962134578
962143587
962143578
961423587
961423578
961432587
961432578
961542387
961542378
961543287
961543278
961524387
961524378
961523487
961523478
961532487
961532478
961254387
961254378
961253487
961253478
961243587
961243578
961234587
961234578
961235487
961235478
961325487
961325478
961324587
961324578
973216458
973216548
973214658
973214568
973215468
973126548
973126458
973125468
973124568
973124658
974321568
974321658
974312658
974312568
974213658
974213568
974123568
974123658
974132658
974132568
975432168
975431268
975421368
975412368
975413268
975321468
975312468
975214368
975213468
975132468
975123468
975124368
975142368
975143268
976432158
976431258
976421358
976413258
976412358
976543218
976543128
976542138
976541238
976541328
976532148
976531248
976521438
976521348
976513248
976512348
976512438
976514238
976514328
976321548
976321458
976312458
976312548
976213458
976213548
976214358
976215438
976215348
976153248
976152348
976152438
976154238
976154328
976132548
976132458
976123548
976123458
976125348
976125438
976124358
976143258
976142358
972153468
972154368
972165348
972165438
972163548
972163458
972164358
972136548
972136458
972135468
972134568
972134658
972143658
972143568
971423568
971423658
971432658
971432568
971542368
971543268
971524368
971523468
971532468
971654238
971654328
971652438
971652348
971653248
971642358
971643258
971624358
971625438
971625348
971623548
971623458
971632458
971632548
971254368
971253468
971265438
971265348
971264358
971263458
971263548
971243568
971243658
971236458
971236548
971234658
971234568
971235468
971326548
971326458
971325468
971324568
971324658
983216457
983216547
983217645
983217654
983217465
983217456
983217546
983214765
983214756
983214657
983214567
983214576
983215476
983215467
983126547
983126457
983127654
983127645
983127546
983127456
983127465
983125467
983125476
983124756
983124765
983124576
983124567
983124657
984321756
984321765
984321576
984321567
984321657
984312765
984312756
984312657
984312567
984312576
984213765
984213756
984213657
984213567
984213576
984123756
984123765
984123576
984123567
984123657
984132765
984132756
984132657
984132567
984132576
985432167
985432176
985431276
985431267
985421376
985421367
985412367
985412376
985413276
985413267
985321476
985321467
985312467
985312476
985214367
985214376
985213476
985213467
985132467
985132476
985123467
985123476
985124376
985124367
985142367
985142376
985143276
985143267
986432157
986431257
986421357
986413257
986412357
986543217
986543127
986542137
986541237
986541327
986532147
986531247
986521437
986521347
986513247
986512347
986512437
986514237
986514327
986321547
986321457
986312457
986312547
986213457
986213547
986214357
986215437
986215347
986153247
986152347
986152437
986154237
986154327
986132547
986132457
986123547
986123457
986125347
986125437
986124357
986143257
986142357
987432165
987432156
987431256
987431265
987421356
987421365
987413265
987413256
987412365
987412356
987543216
987543126
987542136
987541326
987541236
987532146
987531246
987521346
987521436
987513246
987512346
987512436
987514326
987514236
987654321
987654312
987654213
987654123
987654132
987653214
987653124
987652143
987652134
987651324
987651234
987651243
987651423
987651432
987643215
987643125
987642135
987641325
987641235
987632145
987632154
987631254
987631245
987621354
987621345
987621534
987621543
987621435
987614325
987614235
987613245
987613254
987612345
987612354
987612435
987612543
987612534
987615324
987615234
987615243
987615423
987615432
987321456
987321465
987321546
987321654
987321645
987312465
987312456
987312645
987312654
987312546
987216345
987216354
987216435
987216543
987216534
987213645
987213654
987213465
987213456
987213546
987214365
987214356
987215346
987215436
987153246
987152346
987152436
987154326
987154236
987165324
987165234
987165243
987165423
987165432
987163254
987163245
987162354
987162345
987162534
987162543
987162435
987164325
987164235
987132546
987132654
987132645
987132465
987132456
987126354
987126345
987126534
987126543
987126435
987123654
987123645
987123546
987123456
987123465
987125346
987125436
987124356
987124365
987143265
987143256
987142365
987142356
982153467
982153476
982154376
982154367
982165347
982165437
982163547
982163457
982164357
982176534
982176543
982176354
982176345
982176435
982175346
982175436
982173546
982173654
982173645
982173465
982173456
982174356
982174365
982136547
982136457
982137654
982137645
982137546
982137456
982137465
982135467
982135476
982134756
982134765
982134576
982134567
982134657
982143765
982143756
982143657
982143567
982143576
981423756
981423765
981423576
981423567
981423657
981432765
981432756
981432657
981432567
981432576
981542367
981542376
981543276
981543267
981524367
981524376
981523476
981523467
981532467
981532476
981654237
981654327
981652437
981652347
981653247
981642357
981643257
981624357
981625437
981625347
981623547
981623457
981632457
981632547
981754236
981754326
981752436
981752346
981753246
981765423
981765432
981765243
981765234
981765324
981764235
981764325
981762435
981762543
981762534
981762354
981762345
981763245
981763254
981742365
981742356
981743256
981743265
981726435
981726543
981726534
981726354
981726345
981724356
981724365
981725436
981725346
981723456
981723465
981723546
981723654
981723645
981732465
981732456
981732645
981732654
981732546
981254367
981254376
981253476
981253467
981265437
981265347
981264357
981263457
981263547
981276543
981276534
981276435
981276345
981276354
981275436
981275346
981274365
981274356
981273546
981273456
981273465
981273645
981273654
981243756
981243765
981243576
981243567
981243657
981236457
981236547
981237645
981237654
981237465
981237456
981237546
981234765
981234756
981234657
981234567
981234576
981235476
981235467
981326547
981326457
981327654
981327645
981327546
981327456
981327465
981325467
981325476
981324756
981324765
981324576
981324567
981324657
913254768
913254876
913254867
913254687
913254678
913265487
913265478
913264587
913264578
913276548
913276458
913275468
913274568
913274658
913286547
913286457
913287654
913287645
913287546
913287456
913287465
913285467
913285476
913284756
913284765
913284576
913284567
913284657
913246587
913246578
913247658
913247568
913248765
913248756
913248657
913248567
913248576
913245768
913245876
913245867
913245687
913245678
914326587
914326578
914327658
914327568
914328765
914328756
914328657
914328567
914328576
914325768
914325876
914325867
914325687
914325678
914236587
914236578
914237658
914237568
914238765
914238756
914238657
914238567
914238576
914235768
914235876
914235867
914235687
914235678
915432768
915432876
915432867
915432687
915432678
915423768
915423876
915423867
915423687
915423678
915324768
915324876
915324867
915324687
915324678
915234768
915234876
915234867
915234687
915234678
915243768
915243876
915243867
915243687
915243678
916432587
916432578
916423587
916423578
916543287
916543278
916542387
916542378
916532487
916532478
916523487
916523478
916524387
916524378
916324587
916324578
916325487
916325478
916253487
916253478
916254387
916254378
916235487
916235478
916234587
916234578
916243587
916243578
917432568
917432658
917423658
917423568
917543268
917542368
917532468
917523468
917524368
917654328
917654238
917653248
917652348
917652438
917643258
917642358
917632548
917632458
917624358
917623458
917623548
917625348
917625438
917326458
917326548
917324658
917324568
917325468
917253468
917254368
917265348
917265438
917263548
917263458
917264358
917236548
917236458
917235468
917234568
917234658
917243658
917243568
918432756
918432765
918432576
918432567
918432657
918423765
918423756
918423657
918423567
918423576
918543267
918543276
918542376
918542367
918532476
918532467
918523467
918523476
918524376
918524367
918654327
918654237
918653247
918652347
918652437
918643257
918642357
918632547
918632457
918624357
918623457
918623547
918625347
918625437
918754326
918754236
918753246
918752436
918752346
918765432
918765423
918765324
918765234
918765243
918764325
918764235
918763254
918763245
918762435
918762345
918762354
918762534
918762543
918743265
918743256
918742356
918742365
918732456
918732465
918732546
918732654
918732645
918726435
918726345
918726354
918726534
918726543
918724365
918724356
918723465
918723456
918723645
918723654
918723546
918725436
918725346
918326457
918326547
918327645
918327654
918327465
918327456
918327546
918324765
918324756
918324657
918324567
918324576
918325476
918325467
918253467
918253476
918254376
918254367
918265347
918265437
918263547
918263457
918264357
918276534
918276543
918276354
918276345
918276435
918275346
918275436
918273546
918273654
918273645
918273465
918273456
918274356
918274365
918236547
918236457
918237654
918237645
918237546
918237456
918237465
918235467
918235476
918234756
918234765
918234576
918234567
918234657
918243765
918243756
918243657
918243567
918243576
912436587
912436578
912437658
912437568
912438765
912438756
912438657
912438567
912438576
912435768
912435876
912435867
912435687
912435678
912543768
912543876
912543867
912543687
912543678
912534768
912534876
912534867
912534687
912534678
912654387
912654378
912653487
912653478
912643587
912643578
912634587
912634578
912635487
912635478
912754368
912753468
912765438
912765348
912764358
912763458
912763548
912743568
912743658
912736458
912736548
912734658
912734568
912735468
912854367
912854376
912853476
912853467
912865437
912865347
912864357
912863457
912863547
912876543
912876534
912876435
912876345
912876354
912875436
912875346
912874365
912874356
912873546
912873456
912873465
912873645
912873654
912843756
912843765
912843576
912843567
912843657
912836457
912836547
912837645
912837654
912837465
912837456
912837546
912834765
912834756
912834657
912834567
912834576
912835476
912835467
912354768
912354876
912354867
912354687
912354678
912365487
912365478
912364587
912364578
912376548
912376458
912375468
912374568
912374658
912386547
912386457
912387654
912387645
912387546
912387456
912387465
912385467
912385476
912384756
912384765
912384576
912384567
912384657
912346587
912346578
912347658
912347568
912348765
912348756
912348657
912348567
912348576
912345768
912345876
912345867
912345687
912345678
