123564
124536
124563
124653
124635
125463
125364
125634
125643
126453
132564
134256
134265
134526
134562
134652
134625
135426
135462
135246
135264
135624
135642
136452
136425
136542
136524
136254
136245
143526
143562
143652
143625
142536
142563
142653
142635
145236
145263
145326
145362
145632
145623
146253
146235
146523
146532
146352
146325
153426
153462
153264
153624
153642
154362
154263
154623
154632
152463
152364
152634
152643
156423
156432
156243
156234
156324
156342
163452
163425
163542
163524
164352
164532
164523
164253
165342
162453
213564
214536
214563
214653
214635
215463
215364
215634
215643
216453
231456
231465
231546
231564
231654
231645
234156
234165
234516
234561
234651
234615
235416
235461
235146
235164
235614
235641
236451
236415
236541
236514
236154
236145
243156
243165
243516
243561
243651
243615
241356
241365
241536
241563
241653
241635
245136
245163
245316
245361
245631
245613
246153
246135
246513
246531
246351
246315
253416
253461
253146
253164
253614
253641
254316
254361
254136
254163
254613
254631
251436
251463
251346
251364
251634
251643
256413
256431
256143
256134
256314
256341
263451
263415
263541
263514
263154
263145
264351
264315
264531
264513
264153
264135
265431
265413
265341
265314
265134
265143
261453
261435
261543
261534
261354
261345
321564
324156
324165
324516
324561
324651
324615
325416
325461
325146
325164
325614
325641
326451
326415
326541
326514
326154
326145
312564
314256
314265
314526
314562
314652
314625
315426
315462
315246
315264
315624
315642
316452
316425
316542
316524
316254
316245
341256
341265
341526
341562
341652
341625
342156
342165
342516
342561
342651
342615
345216
345261
345126
345162
345612
345621
346251
346215
346521
346512
346152
346125
351426
351462
351246
351264
351624
351642
354126
354162
354216
354261
354621
354612
352416
352461
352146
352164
352614
352641
356421
356412
356241
356214
356124
356142
361452
361425
361542
361524
361254
361245
364152
364125
364512
364521
364251
364215
365412
365421
365142
365124
365214
365241
362451
362415
362541
362514
362154
362145
423156
423165
423516
423561
423651
423615
421536
421563
421653
421635
425136
425163
425316
425361
425631
425613
426153
426135
426513
426531
426351
426315
432516
432561
432651
432615
431526
431562
431652
431625
435126
435162
435216
435261
435621
435612
436152
436125
436512
436521
436251
436215
413526
413562
413652
413625
412536
412563
412653
412635
415236
415263
415326
415362
415632
415623
416253
416235
416523
416532
416352
416325
453126
453162
453216
453261
453621
453612
451326
451362
451236
451263
451623
451632
452136
452163
452316
452361
452631
452613
456123
456132
456213
456231
456321
456312
463152
463125
463512
463521
463251
463215
461352
461325
461532
461523
461253
461235
465132
465123
465312
465321
465231
465213
462153
462135
462513
462531
462351
462315
523416
523461
523146
523164
523614
523641
524316
524361
524136
524163
524613
524631
521463
521364
521634
521643
526413
526431
526143
526134
526314
526341
532416
532461
532164
532614
532641
534216
534261
534126
534162
534612
534621
531426
531462
531264
531624
531642
536412
536421
536142
536124
536214
536241
543261
543162
543612
543621
542316
542361
542163
542613
542631
541263
541362
541632
541623
546213
546231
546123
546132
546312
546321
513426
513462
513264
513624
513642
514362
514263
514623
514632
512463
512364
512634
512643
516423
516432
516243
516234
516324
516342
563412
563421
563142
563124
563214
563241
564312
564321
564132
564123
564213
564231
561432
561423
561342
561324
561234
561243
562413
562431
562143
562134
562314
562341
623451
623415
623541
623514
623154
623145
624351
624315
624531
624513
624153
624135
625431
625413
625341
625314
625134
625143
621453
632451
632415
632541
632514
634251
634215
634521
634512
634152
634125
635421
635412
635241
635214
635124
635142
631452
631425
631542
631524
643251
643521
643512
643152
642351
642315
642531
642513
642153
645231
645213
645321
645312
645132
645123
641253
641523
641532
641352
653421
653412
653241
653142
654231
652431
652413
652341
652314
651342
613452
613425
613542
613524
614352
614532
614523
614253
615342
612453
